1  0.000000   0.020000   -0.014871   0.020000   -0.016894   0.020000   0.000000   0.020000   -0.014871   0.020000   -0.016894   0.020000   0.000000   0.020000  0.000000   0.020000   -0.000000   0.020000   0.000000   0.020000  0.000000   0.020000   -0.000000   0.020000
2  0.000000   0.020000   -0.014784   0.020000   -0.016858   0.020000   0.000000   0.020000   -0.014784   0.020000   -0.016858   0.020000   -0.000006   0.020000  0.000088   0.020000   0.000036   0.020000   -0.000006   0.020000  0.000088   0.020000   0.000036   0.020000
3  -0.000000   0.020000   -0.014695   0.020000   -0.016819   0.020000   -0.000000   0.020000   -0.014695   0.020000   -0.016819   0.020000   -0.000013   0.020000  0.000178   0.020000   0.000075   0.020000   -0.000013   0.020000  0.000178   0.020000   0.000075   0.020000
4  -0.000000   0.020000   -0.014604   0.020000   -0.016778   0.020000   -0.000000   0.020000   -0.014604   0.020000   -0.016778   0.020000   -0.000020   0.020000  0.000271   0.020000   0.000116   0.020000   -0.000020   0.020000  0.000271   0.020000   0.000116   0.020000
5  -0.000000   0.020000   -0.014510   0.020000   -0.016734   0.020000   -0.000000   0.020000   -0.014510   0.020000   -0.016734   0.020000   -0.000028   0.020000  0.000366   0.020000   0.000160   0.020000   -0.000028   0.020000  0.000366   0.020000   0.000160   0.020000
6  -0.000000   0.020000   -0.014414   0.020000   -0.016688   0.020000   -0.000000   0.020000   -0.014414   0.020000   -0.016688   0.020000   -0.000036   0.020000  0.000463   0.020000   0.000206   0.020000   -0.000036   0.020000  0.000463   0.020000   0.000206   0.020000
7  0.000000   0.020000   -0.014316   0.020000   -0.016639   0.020000   0.000000   0.020000   -0.014316   0.020000   -0.016639   0.020000   -0.000044   0.020000  0.000563   0.020000   0.000256   0.020000   -0.000044   0.020000  0.000563   0.020000   0.000256   0.020000
8  -0.000000   0.020000   -0.014216   0.020000   -0.016588   0.020000   -0.000000   0.020000   -0.014216   0.020000   -0.016588   0.020000   -0.000053   0.020000  0.000665   0.020000   0.000307   0.020000   -0.000053   0.020000  0.000665   0.020000   0.000307   0.020000
9  -0.000000   0.020000   -0.014113   0.020000   -0.016534   0.020000   -0.000000   0.020000   -0.014113   0.020000   -0.016534   0.020000   -0.000062   0.020000  0.000769   0.020000   0.000361   0.020000   -0.000062   0.020000  0.000769   0.020000   0.000361   0.020000
10  -0.000000   0.020000   -0.014009   0.020000   -0.016478   0.020000   -0.000000   0.020000   -0.014009   0.020000   -0.016478   0.020000   -0.000072   0.020000  0.000876   0.020000   0.000418   0.020000   -0.000072   0.020000  0.000876   0.020000   0.000418   0.020000
11  -0.000000   0.020000   -0.013902   0.020000   -0.016419   0.020000   -0.000000   0.020000   -0.013902   0.020000   -0.016419   0.020000   -0.000081   0.020000  0.000985   0.020000   0.000477   0.020000   -0.000081   0.020000  0.000985   0.020000   0.000477   0.020000
12  0.000000   0.020000   -0.013793   0.020000   -0.016358   0.020000   0.000000   0.020000   -0.013793   0.020000   -0.016358   0.020000   -0.000092   0.020000  0.001096   0.020000   0.000539   0.020000   -0.000092   0.020000  0.001096   0.020000   0.000539   0.020000
13  -0.000000   0.020000   -0.013686   0.020000   -0.016295   0.020000   -0.000000   0.020000   -0.013686   0.020000   -0.016295   0.020000   -0.000102   0.020000  0.001209   0.020000   0.000603   0.020000   -0.000102   0.020000  0.001209   0.020000   0.000603   0.020000
14  0.000000   0.020000   -0.013573   0.020000   -0.016229   0.020000   0.000000   0.020000   -0.013573   0.020000   -0.016229   0.020000   -0.000113   0.020000  0.001324   0.020000   0.000670   0.020000   -0.000113   0.020000  0.001324   0.020000   0.000670   0.020000
15  0.000000   0.020000   -0.013459   0.020000   -0.016160   0.020000   0.000000   0.020000   -0.013459   0.020000   -0.016160   0.020000   -0.000124   0.020000  0.001442   0.020000   0.000739   0.020000   -0.000124   0.020000  0.001442   0.020000   0.000739   0.020000
16  -0.000000   0.020000   -0.013342   0.020000   -0.016090   0.020000   -0.000000   0.020000   -0.013342   0.020000   -0.016090   0.020000   -0.000136   0.020000  0.001561   0.020000   0.000811   0.020000   -0.000136   0.020000  0.001561   0.020000   0.000811   0.020000
17  0.000000   0.020000   -0.013224   0.020000   -0.016017   0.020000   0.000000   0.020000   -0.013224   0.020000   -0.016017   0.020000   -0.000148   0.020000  0.001682   0.020000   0.000885   0.020000   -0.000148   0.020000  0.001682   0.020000   0.000885   0.020000
18  0.000000   0.020000   -0.013104   0.020000   -0.015942   0.020000   0.000000   0.020000   -0.013104   0.020000   -0.015942   0.020000   -0.000161   0.020000  0.001805   0.020000   0.000961   0.020000   -0.000161   0.020000  0.001805   0.020000   0.000961   0.020000
19  -0.000000   0.020000   -0.012983   0.020000   -0.015864   0.020000   -0.000000   0.020000   -0.012983   0.020000   -0.015864   0.020000   -0.000173   0.020000  0.001930   0.020000   0.001040   0.020000   -0.000173   0.020000  0.001930   0.020000   0.001040   0.020000
20  -0.000000   0.020000   -0.012859   0.020000   -0.015784   0.020000   -0.000000   0.020000   -0.012859   0.020000   -0.015784   0.020000   -0.000186   0.020000  0.002057   0.020000   0.001120   0.020000   -0.000186   0.020000  0.002057   0.020000   0.001120   0.020000
21  -0.000000   0.020000   -0.012734   0.020000   -0.015702   0.020000   -0.000000   0.020000   -0.012734   0.020000   -0.015702   0.020000   -0.000200   0.020000  0.002186   0.020000   0.001204   0.020000   -0.000200   0.020000  0.002186   0.020000   0.001204   0.020000
22  0.000000   0.020000   -0.012608   0.020000   -0.015618   0.020000   0.000000   0.020000   -0.012608   0.020000   -0.015618   0.020000   -0.000213   0.020000  0.002317   0.020000   0.001289   0.020000   -0.000213   0.020000  0.002317   0.020000   0.001289   0.020000
23  -0.000000   0.020000   -0.012480   0.020000   -0.015531   0.020000   -0.000000   0.020000   -0.012480   0.020000   -0.015531   0.020000   -0.000228   0.020000  0.002449   0.020000   0.001377   0.020000   -0.000228   0.020000  0.002449   0.020000   0.001377   0.020000
24  0.000000   0.020000   -0.012350   0.020000   -0.015443   0.020000   0.000000   0.020000   -0.012350   0.020000   -0.015443   0.020000   -0.000242   0.020000  0.002583   0.020000   0.001467   0.020000   -0.000242   0.020000  0.002583   0.020000   0.001467   0.020000
25  -0.000000   0.020000   -0.012219   0.020000   -0.015352   0.020000   -0.000000   0.020000   -0.012219   0.020000   -0.015352   0.020000   -0.000257   0.020000  0.002718   0.020000   0.001559   0.020000   -0.000257   0.020000  0.002718   0.020000   0.001559   0.020000
26  0.000000   0.020000   -0.012086   0.020000   -0.015259   0.020000   0.000000   0.020000   -0.012086   0.020000   -0.015259   0.020000   -0.000272   0.020000  0.002856   0.020000   0.001654   0.020000   -0.000272   0.020000  0.002856   0.020000   0.001654   0.020000
27  0.000000   0.020000   -0.011952   0.020000   -0.015164   0.020000   0.000000   0.020000   -0.011952   0.020000   -0.015164   0.020000   -0.000287   0.020000  0.002994   0.020000   0.001750   0.020000   -0.000287   0.020000  0.002994   0.020000   0.001750   0.020000
28  0.000000   0.020000   -0.011817   0.020000   -0.015067   0.020000   0.000000   0.020000   -0.011817   0.020000   -0.015067   0.020000   -0.000303   0.020000  0.003135   0.020000   0.001849   0.020000   -0.000303   0.020000  0.003135   0.020000   0.001849   0.020000
29  -0.000000   0.020000   -0.011680   0.020000   -0.014968   0.020000   -0.000000   0.020000   -0.011680   0.020000   -0.014968   0.020000   -0.000319   0.020000  0.003276   0.020000   0.001950   0.020000   -0.000319   0.020000  0.003276   0.020000   0.001950   0.020000
30  0.000000   0.020000   -0.011542   0.020000   -0.014867   0.020000   0.000000   0.020000   -0.011542   0.020000   -0.014867   0.020000   -0.000335   0.020000  0.003419   0.020000   0.002052   0.020000   -0.000335   0.020000  0.003419   0.020000   0.002052   0.020000
31  -0.000000   0.020000   -0.011403   0.020000   -0.014764   0.020000   -0.000000   0.020000   -0.011403   0.020000   -0.014764   0.020000   -0.000352   0.020000  0.003564   0.020000   0.002157   0.020000   -0.000352   0.020000  0.003564   0.020000   0.002157   0.020000
32  -0.000000   0.020000   -0.011262   0.020000   -0.014659   0.020000   -0.000000   0.020000   -0.011262   0.020000   -0.014659   0.020000   -0.000368   0.020000  0.003710   0.020000   0.002264   0.020000   -0.000368   0.020000  0.003710   0.020000   0.002264   0.020000
33  0.000000   0.020000   -0.011121   0.020000   -0.014553   0.020000   0.000000   0.020000   -0.011121   0.020000   -0.014553   0.020000   -0.000386   0.020000  0.003857   0.020000   0.002373   0.020000   -0.000386   0.020000  0.003857   0.020000   0.002373   0.020000
34  -0.000000   0.020000   -0.010978   0.020000   -0.014444   0.020000   -0.000000   0.020000   -0.010978   0.020000   -0.014444   0.020000   -0.000403   0.020000  0.004005   0.020000   0.002484   0.020000   -0.000403   0.020000  0.004005   0.020000   0.002484   0.020000
35  -0.000000   0.020000   -0.010835   0.020000   -0.014334   0.020000   -0.000000   0.020000   -0.010835   0.020000   -0.014334   0.020000   -0.000421   0.020000  0.004155   0.020000   0.002596   0.020000   -0.000421   0.020000  0.004155   0.020000   0.002596   0.020000
36  -0.000000   0.020000   -0.010690   0.020000   -0.014221   0.020000   -0.000000   0.020000   -0.010690   0.020000   -0.014221   0.020000   -0.000439   0.020000  0.004305   0.020000   0.002711   0.020000   -0.000439   0.020000  0.004305   0.020000   0.002711   0.020000
37  0.000000   0.020000   -0.010545   0.020000   -0.014108   0.020000   0.000000   0.020000   -0.010545   0.020000   -0.014108   0.020000   -0.000457   0.020000  0.004457   0.020000   0.002827   0.020000   -0.000457   0.020000  0.004457   0.020000   0.002827   0.020000
38  0.000000   0.020000   -0.010398   0.020000   -0.013992   0.020000   0.000000   0.020000   -0.010398   0.020000   -0.013992   0.020000   -0.000475   0.020000  0.004610   0.020000   0.002945   0.020000   -0.000475   0.020000  0.004610   0.020000   0.002945   0.020000
39  -0.000000   0.020000   -0.010251   0.020000   -0.013874   0.020000   -0.000000   0.020000   -0.010251   0.020000   -0.013874   0.020000   -0.000494   0.020000  0.004764   0.020000   0.003065   0.020000   -0.000494   0.020000  0.004764   0.020000   0.003065   0.020000
40  -0.000000   0.020000   -0.010103   0.020000   -0.013755   0.020000   -0.000000   0.020000   -0.010103   0.020000   -0.013755   0.020000   -0.000513   0.020000  0.004918   0.020000   0.003187   0.020000   -0.000513   0.020000  0.004918   0.020000   0.003187   0.020000
41  0.000000   0.020000   -0.009954   0.020000   -0.013635   0.020000   0.000000   0.020000   -0.009954   0.020000   -0.013635   0.020000   -0.000533   0.020000  0.005074   0.020000   0.003310   0.020000   -0.000533   0.020000  0.005074   0.020000   0.003310   0.020000
42  -0.000000   0.020000   -0.009805   0.020000   -0.013513   0.020000   -0.000000   0.020000   -0.009805   0.020000   -0.013513   0.020000   -0.000552   0.020000  0.005231   0.020000   0.003435   0.020000   -0.000552   0.020000  0.005231   0.020000   0.003435   0.020000
43  -0.000000   0.020000   -0.009655   0.020000   -0.013389   0.020000   -0.000000   0.020000   -0.009655   0.020000   -0.013389   0.020000   -0.000572   0.020000  0.005388   0.020000   0.003562   0.020000   -0.000572   0.020000  0.005388   0.020000   0.003562   0.020000
44  -0.000000   0.020000   -0.009504   0.020000   -0.013264   0.020000   -0.000000   0.020000   -0.009504   0.020000   -0.013264   0.020000   -0.000592   0.020000  0.005546   0.020000   0.003690   0.020000   -0.000592   0.020000  0.005546   0.020000   0.003690   0.020000
45  -0.000000   0.020000   -0.009353   0.020000   -0.013137   0.020000   -0.000000   0.020000   -0.009353   0.020000   -0.013137   0.020000   -0.000612   0.020000  0.005705   0.020000   0.003820   0.020000   -0.000612   0.020000  0.005705   0.020000   0.003820   0.020000
46  -0.000000   0.020000   -0.009201   0.020000   -0.013009   0.020000   -0.000000   0.020000   -0.009201   0.020000   -0.013009   0.020000   -0.000632   0.020000  0.005864   0.020000   0.003952   0.020000   -0.000632   0.020000  0.005864   0.020000   0.003952   0.020000
47  -0.000000   0.020000   -0.009046   0.020000   -0.012879   0.020000   -0.000000   0.020000   -0.009046   0.020000   -0.012879   0.020000   -0.000653   0.020000  0.006024   0.020000   0.004085   0.020000   -0.000653   0.020000  0.006024   0.020000   0.004085   0.020000
48  -0.000000   0.020000   -0.008893   0.020000   -0.012748   0.020000   -0.000000   0.020000   -0.008893   0.020000   -0.012748   0.020000   -0.000674   0.020000  0.006185   0.020000   0.004219   0.020000   -0.000674   0.020000  0.006185   0.020000   0.004219   0.020000
49  -0.000000   0.020000   -0.008740   0.020000   -0.012616   0.020000   -0.000000   0.020000   -0.008740   0.020000   -0.012616   0.020000   -0.000694   0.020000  0.006346   0.020000   0.004353   0.020000   -0.000694   0.020000  0.006346   0.020000   0.004353   0.020000
50  0.000000   0.020000   -0.008587   0.020000   -0.012482   0.020000   0.000000   0.020000   -0.008587   0.020000   -0.012482   0.020000   -0.000716   0.020000  0.006508   0.020000   0.004491   0.020000   -0.000716   0.020000  0.006508   0.020000   0.004491   0.020000
51  -0.000000   0.020000   -0.008434   0.020000   -0.012348   0.020000   -0.000000   0.020000   -0.008434   0.020000   -0.012348   0.020000   -0.000737   0.020000  0.006670   0.020000   0.004629   0.020000   -0.000737   0.020000  0.006670   0.020000   0.004629   0.020000
52  0.000000   0.020000   -0.008280   0.020000   -0.012212   0.020000   0.000000   0.020000   -0.008280   0.020000   -0.012212   0.020000   -0.000759   0.020000  0.006832   0.020000   0.004769   0.020000   -0.000759   0.020000  0.006832   0.020000   0.004769   0.020000
53  -0.000000   0.020000   -0.008126   0.020000   -0.012075   0.020000   -0.000000   0.020000   -0.008126   0.020000   -0.012075   0.020000   -0.000780   0.020000  0.006995   0.020000   0.004910   0.020000   -0.000780   0.020000  0.006995   0.020000   0.004910   0.020000
54  -0.000000   0.020000   -0.007972   0.020000   -0.011937   0.020000   -0.000000   0.020000   -0.007972   0.020000   -0.011937   0.020000   -0.000802   0.020000  0.007158   0.020000   0.005052   0.020000   -0.000802   0.020000  0.007158   0.020000   0.005052   0.020000
55  -0.000000   0.020000   -0.007806   0.020000   -0.011785   0.020000   -0.000000   0.020000   -0.007806   0.020000   -0.011785   0.020000   -0.000824   0.020000  0.007321   0.020000   0.005195   0.020000   -0.000824   0.020000  0.007321   0.020000   0.005195   0.020000
56  0.000000   0.020000   -0.007652   0.020000   -0.011645   0.020000   0.000000   0.020000   -0.007652   0.020000   -0.011645   0.020000   -0.000847   0.020000  0.007484   0.020000   0.005340   0.020000   -0.000847   0.020000  0.007484   0.020000   0.005340   0.020000
57  0.000000   0.020000   -0.007498   0.020000   -0.011504   0.020000   0.000000   0.020000   -0.007498   0.020000   -0.011504   0.020000   -0.000869   0.020000  0.007648   0.020000   0.005486   0.020000   -0.000869   0.020000  0.007648   0.020000   0.005486   0.020000
58  0.000000   0.020000   -0.007345   0.020000   -0.011362   0.020000   0.000000   0.020000   -0.007345   0.020000   -0.011362   0.020000   -0.000892   0.020000  0.007811   0.020000   0.005632   0.020000   -0.000892   0.020000  0.007811   0.020000   0.005632   0.020000
59  0.000000   0.020000   -0.007191   0.020000   -0.011220   0.020000   0.000000   0.020000   -0.007191   0.020000   -0.011220   0.020000   -0.000915   0.020000  0.007975   0.020000   0.005780   0.020000   -0.000915   0.020000  0.007975   0.020000   0.005780   0.020000
60  0.000000   0.020000   -0.007038   0.020000   -0.011076   0.020000   0.000000   0.020000   -0.007038   0.020000   -0.011076   0.020000   -0.000937   0.020000  0.008138   0.020000   0.005929   0.020000   -0.000937   0.020000  0.008138   0.020000   0.005929   0.020000
61  -0.000000   0.020000   -0.006885   0.020000   -0.010932   0.020000   -0.000000   0.020000   -0.006885   0.020000   -0.010932   0.020000   -0.000960   0.020000  0.008301   0.020000   0.006079   0.020000   -0.000960   0.020000  0.008301   0.020000   0.006079   0.020000
62  0.000000   0.020000   -0.006732   0.020000   -0.010786   0.020000   0.000000   0.020000   -0.006732   0.020000   -0.010786   0.020000   -0.000984   0.020000  0.008465   0.020000   0.006229   0.020000   -0.000984   0.020000  0.008465   0.020000   0.006229   0.020000
63  -0.000000   0.020000   -0.006579   0.020000   -0.010641   0.020000   -0.000000   0.020000   -0.006579   0.020000   -0.010641   0.020000   -0.001007   0.020000  0.008628   0.020000   0.006381   0.020000   -0.001007   0.020000  0.008628   0.020000   0.006381   0.020000
64  0.000000   0.020000   -0.006427   0.020000   -0.010494   0.020000   0.000000   0.020000   -0.006427   0.020000   -0.010494   0.020000   -0.001030   0.020000  0.008790   0.020000   0.006533   0.020000   -0.001030   0.020000  0.008790   0.020000   0.006533   0.020000
65  0.000000   0.020000   -0.006275   0.020000   -0.010347   0.020000   0.000000   0.020000   -0.006275   0.020000   -0.010347   0.020000   -0.001054   0.020000  0.008953   0.020000   0.006686   0.020000   -0.001054   0.020000  0.008953   0.020000   0.006686   0.020000
66  -0.000000   0.020000   -0.006124   0.020000   -0.010199   0.020000   -0.000000   0.020000   -0.006124   0.020000   -0.010199   0.020000   -0.001077   0.020000  0.009115   0.020000   0.006839   0.020000   -0.001077   0.020000  0.009115   0.020000   0.006839   0.020000
67  0.000000   0.020000   -0.005973   0.020000   -0.010051   0.020000   0.000000   0.020000   -0.005973   0.020000   -0.010051   0.020000   -0.001102   0.020000  0.009305   0.020000   0.006987   0.020000   -0.001102   0.020000  0.009305   0.020000   0.006987   0.020000
68  -0.000000   0.020000   -0.005823   0.020000   -0.009902   0.020000   -0.000000   0.020000   -0.005823   0.020000   -0.009902   0.020000   -0.001126   0.020000  0.009467   0.020000   0.007142   0.020000   -0.001126   0.020000  0.009467   0.020000   0.007142   0.020000
69  -0.000000   0.020000   -0.005673   0.020000   -0.009753   0.020000   -0.000000   0.020000   -0.005673   0.020000   -0.009753   0.020000   -0.001150   0.020000  0.009628   0.020000   0.007297   0.020000   -0.001150   0.020000  0.009628   0.020000   0.007297   0.020000
70  -0.000000   0.020000   -0.005524   0.020000   -0.009603   0.020000   -0.000000   0.020000   -0.005524   0.020000   -0.009603   0.020000   -0.001174   0.020000  0.009789   0.020000   0.007453   0.020000   -0.001174   0.020000  0.009789   0.020000   0.007453   0.020000
71  -0.000000   0.020000   -0.005376   0.020000   -0.009453   0.020000   -0.000000   0.020000   -0.005376   0.020000   -0.009453   0.020000   -0.001198   0.020000  0.009949   0.020000   0.007610   0.020000   -0.001198   0.020000  0.009949   0.020000   0.007610   0.020000
72  -0.000000   0.020000   -0.005228   0.020000   -0.009303   0.020000   -0.000000   0.020000   -0.005228   0.020000   -0.009303   0.020000   -0.001222   0.020000  0.010109   0.020000   0.007766   0.020000   -0.001222   0.020000  0.010109   0.020000   0.007766   0.020000
73  0.000000   0.020000   -0.005082   0.020000   -0.009153   0.020000   0.000000   0.020000   -0.005082   0.020000   -0.009153   0.020000   -0.001246   0.020000  0.010268   0.020000   0.007924   0.020000   -0.001246   0.020000  0.010268   0.020000   0.007924   0.020000
74  0.000000   0.020000   -0.004936   0.020000   -0.009002   0.020000   0.000000   0.020000   -0.004936   0.020000   -0.009002   0.020000   -0.001270   0.020000  0.010426   0.020000   0.008081   0.020000   -0.001270   0.020000  0.010426   0.020000   0.008081   0.020000
75  -0.000000   0.020000   -0.004791   0.020000   -0.008851   0.020000   -0.000000   0.020000   -0.004791   0.020000   -0.008851   0.020000   -0.001294   0.020000  0.010584   0.020000   0.008239   0.020000   -0.001294   0.020000  0.010584   0.020000   0.008239   0.020000
76  0.000000   0.020000   -0.004647   0.020000   -0.008700   0.020000   0.000000   0.020000   -0.004647   0.020000   -0.008700   0.020000   -0.001318   0.020000  0.010741   0.020000   0.008397   0.020000   -0.001318   0.020000  0.010741   0.020000   0.008397   0.020000
77  -0.000000   0.020000   -0.004504   0.020000   -0.008549   0.020000   -0.000000   0.020000   -0.004504   0.020000   -0.008549   0.020000   -0.001343   0.020000  0.010896   0.020000   0.008556   0.020000   -0.001343   0.020000  0.010896   0.020000   0.008556   0.020000
78  -0.000000   0.020000   -0.004362   0.020000   -0.008398   0.020000   -0.000000   0.020000   -0.004362   0.020000   -0.008398   0.020000   -0.001367   0.020000  0.011051   0.020000   0.008714   0.020000   -0.001367   0.020000  0.011051   0.020000   0.008714   0.020000
79  -0.000000   0.020000   -0.004221   0.020000   -0.008246   0.020000   -0.000000   0.020000   -0.004221   0.020000   -0.008246   0.020000   -0.001391   0.020000  0.011205   0.020000   0.008873   0.020000   -0.001391   0.020000  0.011205   0.020000   0.008873   0.020000
80  0.000000   0.020000   -0.004081   0.020000   -0.008095   0.020000   0.000000   0.020000   -0.004081   0.020000   -0.008095   0.020000   -0.001415   0.020000  0.011358   0.020000   0.009032   0.020000   -0.001415   0.020000  0.011358   0.020000   0.009032   0.020000
81  0.000000   0.020000   -0.003942   0.020000   -0.007944   0.020000   0.000000   0.020000   -0.003942   0.020000   -0.007944   0.020000   -0.001440   0.020000  0.011510   0.020000   0.009191   0.020000   -0.001440   0.020000  0.011510   0.020000   0.009191   0.020000
82  -0.000000   0.020000   -0.003804   0.020000   -0.007793   0.020000   -0.000000   0.020000   -0.003804   0.020000   -0.007793   0.020000   -0.001464   0.020000  0.011661   0.020000   0.009349   0.020000   -0.001464   0.020000  0.011661   0.020000   0.009349   0.020000
83  0.000000   0.020000   -0.003668   0.020000   -0.007643   0.020000   0.000000   0.020000   -0.003668   0.020000   -0.007643   0.020000   -0.001488   0.020000  0.011810   0.020000   0.009508   0.020000   -0.001488   0.020000  0.011810   0.020000   0.009508   0.020000
84  -0.000000   0.020000   -0.003533   0.020000   -0.007492   0.020000   -0.000000   0.020000   -0.003533   0.020000   -0.007492   0.020000   -0.001512   0.020000  0.011959   0.020000   0.009667   0.020000   -0.001512   0.020000  0.011959   0.020000   0.009667   0.020000
85  -0.000000   0.020000   -0.003406   0.020000   -0.007348   0.020000   -0.000000   0.020000   -0.003406   0.020000   -0.007348   0.020000   -0.001536   0.020000  0.012106   0.020000   0.009825   0.020000   -0.001536   0.020000  0.012106   0.020000   0.009825   0.020000
86  0.000000   0.020000   -0.003274   0.020000   -0.007198   0.020000   0.000000   0.020000   -0.003274   0.020000   -0.007198   0.020000   -0.001560   0.020000  0.012252   0.020000   0.009983   0.020000   -0.001560   0.020000  0.012252   0.020000   0.009983   0.020000
87  -0.000000   0.020000   -0.003142   0.020000   -0.007048   0.020000   -0.000000   0.020000   -0.003142   0.020000   -0.007048   0.020000   -0.001584   0.020000  0.012397   0.020000   0.010141   0.020000   -0.001584   0.020000  0.012397   0.020000   0.010141   0.020000
88  -0.000000   0.020000   -0.003012   0.020000   -0.006899   0.020000   -0.000000   0.020000   -0.003012   0.020000   -0.006899   0.020000   -0.001608   0.020000  0.012540   0.020000   0.010299   0.020000   -0.001608   0.020000  0.012540   0.020000   0.010299   0.020000
89  -0.000000   0.020000   -0.002883   0.020000   -0.006751   0.020000   -0.000000   0.020000   -0.002883   0.020000   -0.006751   0.020000   -0.001632   0.020000  0.012682   0.020000   0.010456   0.020000   -0.001632   0.020000  0.012682   0.020000   0.010456   0.020000
90  -0.000000   0.020000   -0.002756   0.020000   -0.006602   0.020000   -0.000000   0.020000   -0.002756   0.020000   -0.006602   0.020000   -0.001657   0.020000  0.012819   0.020000   0.010613   0.020000   -0.001657   0.020000  0.012819   0.020000   0.010613   0.020000
91  0.000000   0.020000   -0.002631   0.020000   -0.006455   0.020000   0.000000   0.020000   -0.002631   0.020000   -0.006455   0.020000   -0.001680   0.020000  0.012958   0.020000   0.010769   0.020000   -0.001680   0.020000  0.012958   0.020000   0.010769   0.020000
92  0.000000   0.020000   -0.002507   0.020000   -0.006308   0.020000   0.000000   0.020000   -0.002507   0.020000   -0.006308   0.020000   -0.001704   0.020000  0.013095   0.020000   0.010925   0.020000   -0.001704   0.020000  0.013095   0.020000   0.010925   0.020000
93  -0.000000   0.020000   -0.002384   0.020000   -0.006161   0.020000   -0.000000   0.020000   -0.002384   0.020000   -0.006161   0.020000   -0.001728   0.020000  0.013231   0.020000   0.011081   0.020000   -0.001728   0.020000  0.013231   0.020000   0.011081   0.020000
94  -0.000000   0.020000   -0.002264   0.020000   -0.006016   0.020000   -0.000000   0.020000   -0.002264   0.020000   -0.006016   0.020000   -0.001751   0.020000  0.013365   0.020000   0.011236   0.020000   -0.001751   0.020000  0.013365   0.020000   0.011236   0.020000
95  0.000000   0.020000   -0.002145   0.020000   -0.005871   0.020000   0.000000   0.020000   -0.002145   0.020000   -0.005871   0.020000   -0.001775   0.020000  0.013498   0.020000   0.011390   0.020000   -0.001775   0.020000  0.013498   0.020000   0.011390   0.020000
96  -0.000000   0.020000   -0.002027   0.020000   -0.005727   0.020000   -0.000000   0.020000   -0.002027   0.020000   -0.005727   0.020000   -0.001798   0.020000  0.013629   0.020000   0.011543   0.020000   -0.001798   0.020000  0.013629   0.020000   0.011543   0.020000
97  0.000000   0.020000   -0.001911   0.020000   -0.005583   0.020000   0.000000   0.020000   -0.001911   0.020000   -0.005583   0.020000   -0.001821   0.020000  0.013758   0.020000   0.011696   0.020000   -0.001821   0.020000  0.013758   0.020000   0.011696   0.020000
98  -0.000000   0.020000   -0.001797   0.020000   -0.005441   0.020000   -0.000000   0.020000   -0.001797   0.020000   -0.005441   0.020000   -0.001844   0.020000  0.013885   0.020000   0.011848   0.020000   -0.001844   0.020000  0.013885   0.020000   0.011848   0.020000
99  -0.000000   0.020000   -0.001685   0.020000   -0.005300   0.020000   -0.000000   0.020000   -0.001685   0.020000   -0.005300   0.020000   -0.001867   0.020000  0.014011   0.020000   0.011999   0.020000   -0.001867   0.020000  0.014011   0.020000   0.011999   0.020000
100  -0.000000   0.020000   -0.001575   0.020000   -0.005159   0.020000   -0.000000   0.020000   -0.001575   0.020000   -0.005159   0.020000   -0.001890   0.020000  0.014135   0.020000   0.012150   0.020000   -0.001890   0.020000  0.014135   0.020000   0.012150   0.020000
101  -0.000000   0.020000   -0.001466   0.020000   -0.005020   0.020000   -0.000000   0.020000   -0.001466   0.020000   -0.005020   0.020000   -0.001913   0.020000  0.014257   0.020000   0.012299   0.020000   -0.001913   0.020000  0.014257   0.020000   0.012299   0.020000
102  -0.000000   0.020000   -0.001360   0.020000   -0.004881   0.020000   -0.000000   0.020000   -0.001360   0.020000   -0.004881   0.020000   -0.001935   0.020000  0.014377   0.020000   0.012448   0.020000   -0.001935   0.020000  0.014377   0.020000   0.012448   0.020000
103  0.000000   0.020000   -0.001255   0.020000   -0.004744   0.020000   0.000000   0.020000   -0.001255   0.020000   -0.004744   0.020000   -0.001957   0.020000  0.014495   0.020000   0.012595   0.020000   -0.001957   0.020000  0.014495   0.020000   0.012595   0.020000
104  0.000000   0.020000   -0.001152   0.020000   -0.004608   0.020000   0.000000   0.020000   -0.001152   0.020000   -0.004608   0.020000   -0.001980   0.020000  0.014612   0.020000   0.012741   0.020000   -0.001980   0.020000  0.014612   0.020000   0.012741   0.020000
105  0.000000   0.020000   -0.001051   0.020000   -0.004473   0.020000   0.000000   0.020000   -0.001051   0.020000   -0.004473   0.020000   -0.002002   0.020000  0.014726   0.020000   0.012887   0.020000   -0.002002   0.020000  0.014726   0.020000   0.012887   0.020000
106  -0.000000   0.020000   -0.000952   0.020000   -0.004339   0.020000   -0.000000   0.020000   -0.000952   0.020000   -0.004339   0.020000   -0.002023   0.020000  0.014838   0.020000   0.013031   0.020000   -0.002023   0.020000  0.014838   0.020000   0.013031   0.020000
107  0.000000   0.020000   -0.000855   0.020000   -0.004207   0.020000   0.000000   0.020000   -0.000855   0.020000   -0.004207   0.020000   -0.002045   0.020000  0.014949   0.020000   0.013174   0.020000   -0.002045   0.020000  0.014949   0.020000   0.013174   0.020000
108  -0.000000   0.020000   -0.000760   0.020000   -0.004076   0.020000   -0.000000   0.020000   -0.000760   0.020000   -0.004076   0.020000   -0.002066   0.020000  0.015057   0.020000   0.013316   0.020000   -0.002066   0.020000  0.015057   0.020000   0.013316   0.020000
109  0.000000   0.020000   -0.000668   0.020000   -0.003946   0.020000   0.000000   0.020000   -0.000668   0.020000   -0.003946   0.020000   -0.002088   0.020000  0.015163   0.020000   0.013456   0.020000   -0.002088   0.020000  0.015163   0.020000   0.013456   0.020000
110  -0.000000   0.020000   -0.000577   0.020000   -0.003817   0.020000   -0.000000   0.020000   -0.000577   0.020000   -0.003817   0.020000   -0.002109   0.020000  0.015267   0.020000   0.013595   0.020000   -0.002109   0.020000  0.015267   0.020000   0.013595   0.020000
111  0.000000   0.020000   -0.000488   0.020000   -0.003690   0.020000   0.000000   0.020000   -0.000488   0.020000   -0.003690   0.020000   -0.002129   0.020000  0.015368   0.020000   0.013733   0.020000   -0.002129   0.020000  0.015368   0.020000   0.013733   0.020000
112  -0.000000   0.020000   -0.000504   0.020000   -0.003530   0.020000   -0.000000   0.020000   -0.000504   0.020000   -0.003530   0.020000   -0.002150   0.020000  0.015468   0.020000   0.013869   0.020000   -0.002150   0.020000  0.015468   0.020000   0.013869   0.020000
113  -0.000000   0.020000   -0.000386   0.020000   -0.003418   0.020000   -0.000000   0.020000   -0.000386   0.020000   -0.003418   0.020000   -0.002170   0.020000  0.015565   0.020000   0.014004   0.020000   -0.002170   0.020000  0.015565   0.020000   0.014004   0.020000
114  0.000000   0.020000   -0.000270   0.020000   -0.003308   0.020000   0.000000   0.020000   -0.000270   0.020000   -0.003308   0.020000   -0.002190   0.020000  0.015661   0.020000   0.014137   0.020000   -0.002190   0.020000  0.015661   0.020000   0.014137   0.020000
115  -0.000000   0.020000   -0.000176   0.020000   -0.003192   0.020000   -0.000000   0.020000   -0.000176   0.020000   -0.003192   0.020000   -0.002210   0.020000  0.015753   0.020000   0.014269   0.020000   -0.002210   0.020000  0.015753   0.020000   0.014269   0.020000
116  0.000000   0.020000   -0.000091   0.020000   -0.003077   0.020000   0.000000   0.020000   -0.000091   0.020000   -0.003077   0.020000   -0.002230   0.020000  0.015844   0.020000   0.014399   0.020000   -0.002230   0.020000  0.015844   0.020000   0.014399   0.020000
117  0.000000   0.020000   -0.000004   0.020000   -0.002955   0.020000   0.000000   0.020000   -0.000004   0.020000   -0.002955   0.020000   -0.002249   0.020000  0.015932   0.020000   0.014528   0.020000   -0.002249   0.020000  0.015932   0.020000   0.014528   0.020000
118  0.000000   0.020000   0.000069   0.020000   -0.002840   0.020000   0.000000   0.020000   0.000069   0.020000   -0.002840   0.020000   -0.002268   0.020000  0.016018   0.020000   0.014655   0.020000   -0.002268   0.020000  0.016018   0.020000   0.014655   0.020000
119  0.000000   0.020000   0.000141   0.020000   -0.002726   0.020000   0.000000   0.020000   0.000141   0.020000   -0.002726   0.020000   -0.002287   0.020000  0.016102   0.020000   0.014780   0.020000   -0.002287   0.020000  0.016102   0.020000   0.014780   0.020000
120  0.000000   0.020000   0.000210   0.020000   -0.002615   0.020000   0.000000   0.020000   0.000210   0.020000   -0.002615   0.020000   -0.002306   0.020000  0.016183   0.020000   0.014903   0.020000   -0.002306   0.020000  0.016183   0.020000   0.014903   0.020000
121  0.000000   0.020000   0.000276   0.020000   -0.002505   0.020000   0.000000   0.020000   0.000276   0.020000   -0.002505   0.020000   -0.002324   0.020000  0.016262   0.020000   0.015025   0.020000   -0.002324   0.020000  0.016262   0.020000   0.015025   0.020000
122  0.000000   0.020000   0.000341   0.020000   -0.002397   0.020000   0.000000   0.020000   0.000341   0.020000   -0.002397   0.020000   -0.002342   0.020000  0.016339   0.020000   0.015145   0.020000   -0.002342   0.020000  0.016339   0.020000   0.015145   0.020000
123  0.000000   0.020000   0.000403   0.020000   -0.002290   0.020000   0.000000   0.020000   0.000403   0.020000   -0.002290   0.020000   -0.002360   0.020000  0.016413   0.020000   0.015263   0.020000   -0.002360   0.020000  0.016413   0.020000   0.015263   0.020000
124  0.000000   0.020000   0.000463   0.020000   -0.002186   0.020000   0.000000   0.020000   0.000463   0.020000   -0.002186   0.020000   -0.002377   0.020000  0.016485   0.020000   0.015379   0.020000   -0.002377   0.020000  0.016485   0.020000   0.015379   0.020000
125  0.000000   0.020000   0.000520   0.020000   -0.002083   0.020000   0.000000   0.020000   0.000520   0.020000   -0.002083   0.020000   -0.002394   0.020000  0.016554   0.020000   0.015493   0.020000   -0.002394   0.020000  0.016554   0.020000   0.015493   0.020000
126  0.000000   0.020000   0.000576   0.020000   -0.001983   0.020000   0.000000   0.020000   0.000576   0.020000   -0.001983   0.020000   -0.002411   0.020000  0.016620   0.020000   0.015605   0.020000   -0.002411   0.020000  0.016620   0.020000   0.015605   0.020000
127  0.000000   0.020000   0.000628   0.020000   -0.001884   0.020000   0.000000   0.020000   0.000628   0.020000   -0.001884   0.020000   -0.002427   0.020000  0.016685   0.020000   0.015715   0.020000   -0.002427   0.020000  0.016685   0.020000   0.015715   0.020000
128  0.000000   0.020000   0.000679   0.020000   -0.001787   0.020000   0.000000   0.020000   0.000679   0.020000   -0.001787   0.020000   -0.002444   0.020000  0.016747   0.020000   0.015823   0.020000   -0.002444   0.020000  0.016747   0.020000   0.015823   0.020000
129  0.000000   0.020000   0.000727   0.020000   -0.001692   0.020000   0.000000   0.020000   0.000727   0.020000   -0.001692   0.020000   -0.002459   0.020000  0.016806   0.020000   0.015929   0.020000   -0.002459   0.020000  0.016806   0.020000   0.015929   0.020000
130  0.000000   0.020000   0.000773   0.020000   -0.001600   0.020000   0.000000   0.020000   0.000773   0.020000   -0.001600   0.020000   -0.002475   0.020000  0.016863   0.020000   0.016033   0.020000   -0.002475   0.020000  0.016863   0.020000   0.016033   0.020000
131  0.000000   0.020000   0.000816   0.020000   -0.001509   0.020000   0.000000   0.020000   0.000816   0.020000   -0.001509   0.020000   -0.002490   0.020000  0.016917   0.020000   0.016135   0.020000   -0.002490   0.020000  0.016917   0.020000   0.016135   0.020000
132  0.000000   0.020000   0.000857   0.020000   -0.001420   0.020000   0.000000   0.020000   0.000857   0.020000   -0.001420   0.020000   -0.002505   0.020000  0.016968   0.020000   0.016235   0.020000   -0.002505   0.020000  0.016968   0.020000   0.016235   0.020000
133  0.000000   0.020000   0.000896   0.020000   -0.001334   0.020000   0.000000   0.020000   0.000896   0.020000   -0.001334   0.020000   -0.002519   0.020000  0.017018   0.020000   0.016332   0.020000   -0.002519   0.020000  0.017018   0.020000   0.016332   0.020000
134  0.000000   0.020000   0.000932   0.020000   -0.001250   0.020000   0.000000   0.020000   0.000932   0.020000   -0.001250   0.020000   -0.002534   0.020000  0.017064   0.020000   0.016427   0.020000   -0.002534   0.020000  0.017064   0.020000   0.016427   0.020000
135  0.000000   0.020000   0.000966   0.020000   -0.001168   0.020000   0.000000   0.020000   0.000966   0.020000   -0.001168   0.020000   -0.002547   0.020000  0.017108   0.020000   0.016520   0.020000   -0.002547   0.020000  0.017108   0.020000   0.016520   0.020000
136  0.000000   0.020000   0.000998   0.020000   -0.001087   0.020000   0.000000   0.020000   0.000998   0.020000   -0.001087   0.020000   -0.002561   0.020000  0.017150   0.020000   0.016610   0.020000   -0.002561   0.020000  0.017150   0.020000   0.016610   0.020000
137  0.000000   0.020000   0.001025   0.020000   -0.001015   0.020000   0.000000   0.020000   0.001025   0.020000   -0.001015   0.020000   -0.002574   0.020000  0.017188   0.020000   0.016699   0.020000   -0.002574   0.020000  0.017188   0.020000   0.016699   0.020000
138  0.000000   0.020000   0.001051   0.020000   -0.000934   0.020000   0.000000   0.020000   0.001051   0.020000   -0.000934   0.020000   -0.002587   0.020000  0.017225   0.020000   0.016784   0.020000   -0.002587   0.020000  0.017225   0.020000   0.016784   0.020000
139  0.000000   0.020000   0.001076   0.020000   -0.000863   0.020000   0.000000   0.020000   0.001076   0.020000   -0.000863   0.020000   -0.002600   0.020000  0.017259   0.020000   0.016871   0.020000   -0.002600   0.020000  0.017259   0.020000   0.016871   0.020000
140  0.000000   0.020000   0.001102   0.020000   -0.000787   0.020000   0.000000   0.020000   0.001102   0.020000   -0.000787   0.020000   -0.002612   0.020000  0.017290   0.020000   0.016952   0.020000   -0.002612   0.020000  0.017290   0.020000   0.016952   0.020000
141  0.000000   0.020000   0.001122   0.020000   -0.000718   0.020000   0.000000   0.020000   0.001122   0.020000   -0.000718   0.020000   -0.002623   0.020000  0.017319   0.020000   0.017030   0.020000   -0.002623   0.020000  0.017319   0.020000   0.017030   0.020000
142  0.000000   0.020000   0.001139   0.020000   -0.000652   0.020000   0.000000   0.020000   0.001139   0.020000   -0.000652   0.020000   -0.002635   0.020000  0.017345   0.020000   0.017106   0.020000   -0.002635   0.020000  0.017345   0.020000   0.017106   0.020000
143  0.000000   0.020000   0.001154   0.020000   -0.000589   0.020000   0.000000   0.020000   0.001154   0.020000   -0.000589   0.020000   -0.002646   0.020000  0.017368   0.020000   0.017180   0.020000   -0.002646   0.020000  0.017368   0.020000   0.017180   0.020000
144  0.000000   0.020000   0.001166   0.020000   -0.000529   0.020000   0.000000   0.020000   0.001166   0.020000   -0.000529   0.020000   -0.002656   0.020000  0.017388   0.020000   0.017251   0.020000   -0.002656   0.020000  0.017388   0.020000   0.017251   0.020000
145  0.000000   0.020000   0.001175   0.020000   -0.000469   0.020000   0.000000   0.020000   0.001175   0.020000   -0.000469   0.020000   -0.002666   0.020000  0.017407   0.020000   0.017320   0.020000   -0.002666   0.020000  0.017407   0.020000   0.017320   0.020000
146  0.000000   0.020000   0.001183   0.020000   -0.000412   0.020000   0.000000   0.020000   0.001183   0.020000   -0.000412   0.020000   -0.002676   0.020000  0.017422   0.020000   0.017386   0.020000   -0.002676   0.020000  0.017422   0.020000   0.017386   0.020000
147  -0.000000   0.020000   0.001188   0.020000   -0.000359   0.020000   -0.000000   0.020000   0.001188   0.020000   -0.000359   0.020000   -0.002685   0.020000  0.017435   0.020000   0.017449   0.020000   -0.002685   0.020000  0.017435   0.020000   0.017449   0.020000
148  0.000000   0.020000   0.001192   0.020000   -0.000309   0.020000   0.000000   0.020000   0.001192   0.020000   -0.000309   0.020000   -0.002694   0.020000  0.017445   0.020000   0.017510   0.020000   -0.002694   0.020000  0.017445   0.020000   0.017510   0.020000
149  -0.000000   0.020000   0.001189   0.020000   -0.000257   0.020000   -0.000000   0.020000   0.001189   0.020000   -0.000257   0.020000   -0.002702   0.020000  0.017452   0.020000   0.017568   0.020000   -0.002702   0.020000  0.017452   0.020000   0.017568   0.020000
150  -0.000000   0.020000   0.001183   0.020000   -0.000206   0.020000   -0.000000   0.020000   0.001183   0.020000   -0.000206   0.020000   -0.002710   0.020000  0.017457   0.020000   0.017624   0.020000   -0.002710   0.020000  0.017457   0.020000   0.017624   0.020000
151  -0.000000   0.020000   0.001177   0.020000   -0.000160   0.020000   -0.000000   0.020000   0.001177   0.020000   -0.000160   0.020000   -0.002718   0.020000  0.017460   0.020000   0.017676   0.020000   -0.002718   0.020000  0.017460   0.020000   0.017676   0.020000
152  -0.000000   0.020000   0.001169   0.020000   -0.000116   0.020000   -0.000000   0.020000   0.001169   0.020000   -0.000116   0.020000   -0.002725   0.020000  0.017459   0.020000   0.017727   0.020000   -0.002725   0.020000  0.017459   0.020000   0.017727   0.020000
153  -0.000002   0.020000   0.001160   0.020000   -0.000073   0.020000   -0.000002   0.020000   0.001160   0.020000   -0.000073   0.020000   -0.002732   0.020000  0.017456   0.020000   0.017774   0.020000   -0.002732   0.020000  0.017456   0.020000   0.017774   0.020000
154  -0.000008   0.020000   0.001155   0.020000   -0.000029   0.020000   -0.000008   0.020000   0.001155   0.020000   -0.000029   0.020000   -0.002738   0.020000  0.017451   0.020000   0.017819   0.020000   -0.002738   0.020000  0.017451   0.020000   0.017819   0.020000
155  -0.000012   0.020000   0.001154   0.020000   0.000006   0.020000   -0.000012   0.020000   0.001154   0.020000   0.000006   0.020000   -0.002744   0.020000  0.017442   0.020000   0.017861   0.020000   -0.002744   0.020000  0.017442   0.020000   0.017861   0.020000
156  -0.000017   0.020000   0.001144   0.020000   0.000043   0.020000   -0.000017   0.020000   0.001144   0.020000   0.000043   0.020000   -0.002750   0.020000  0.017432   0.020000   0.017901   0.020000   -0.002750   0.020000  0.017432   0.020000   0.017901   0.020000
157  -0.000022   0.020000   0.001130   0.020000   0.000077   0.020000   -0.000022   0.020000   0.001130   0.020000   0.000077   0.020000   -0.002755   0.020000  0.017418   0.020000   0.017938   0.020000   -0.002755   0.020000  0.017418   0.020000   0.017938   0.020000
158  -0.000026   0.020000   0.001114   0.020000   0.000109   0.020000   -0.000026   0.020000   0.001114   0.020000   0.000109   0.020000   -0.002760   0.020000  0.017402   0.020000   0.017972   0.020000   -0.002760   0.020000  0.017402   0.020000   0.017972   0.020000
159  -0.000030   0.020000   0.001095   0.020000   0.000137   0.020000   -0.000030   0.020000   0.001095   0.020000   0.000137   0.020000   -0.002764   0.020000  0.017384   0.020000   0.018003   0.020000   -0.002764   0.020000  0.017384   0.020000   0.018003   0.020000
160  -0.000033   0.020000   0.001073   0.020000   0.000163   0.020000   -0.000033   0.020000   0.001073   0.020000   0.000163   0.020000   -0.002768   0.020000  0.017363   0.020000   0.018031   0.020000   -0.002768   0.020000  0.017363   0.020000   0.018031   0.020000
161  -0.000036   0.020000   0.001049   0.020000   0.000186   0.020000   -0.000036   0.020000   0.001049   0.020000   0.000186   0.020000   -0.002771   0.020000  0.017339   0.020000   0.018057   0.020000   -0.002771   0.020000  0.017339   0.020000   0.018057   0.020000
162  -0.000039   0.020000   0.001021   0.020000   0.000205   0.020000   -0.000039   0.020000   0.001021   0.020000   0.000205   0.020000   -0.002774   0.020000  0.017313   0.020000   0.018080   0.020000   -0.002774   0.020000  0.017313   0.020000   0.018080   0.020000
163  -0.000041   0.020000   0.000991   0.020000   0.000222   0.020000   -0.000041   0.020000   0.000991   0.020000   0.000222   0.020000   -0.002777   0.020000  0.017284   0.020000   0.018100   0.020000   -0.002777   0.020000  0.017284   0.020000   0.018100   0.020000
164  -0.000042   0.020000   0.000959   0.020000   0.000235   0.020000   -0.000042   0.020000   0.000959   0.020000   0.000235   0.020000   -0.002779   0.020000  0.017252   0.020000   0.018118   0.020000   -0.002779   0.020000  0.017252   0.020000   0.018118   0.020000
165  -0.000043   0.020000   0.000923   0.020000   0.000245   0.020000   -0.000043   0.020000   0.000923   0.020000   0.000245   0.020000   -0.002781   0.020000  0.017218   0.020000   0.018132   0.020000   -0.002781   0.020000  0.017218   0.020000   0.018132   0.020000
166  -0.000044   0.020000   0.000885   0.020000   0.000252   0.020000   -0.000044   0.020000   0.000885   0.020000   0.000252   0.020000   -0.002782   0.020000  0.017182   0.020000   0.018144   0.020000   -0.002782   0.020000  0.017182   0.020000   0.018144   0.020000
167  -0.000044   0.020000   0.000845   0.020000   0.000257   0.020000   -0.000044   0.020000   0.000845   0.020000   0.000257   0.020000   -0.002783   0.020000  0.017143   0.020000   0.018153   0.020000   -0.002783   0.020000  0.017143   0.020000   0.018153   0.020000
168  -0.000044   0.020000   0.000801   0.020000   0.000258   0.020000   -0.000044   0.020000   0.000801   0.020000   0.000258   0.020000   -0.002784   0.020000  0.017101   0.020000   0.018159   0.020000   -0.002784   0.020000  0.017101   0.020000   0.018159   0.020000
169  -0.000043   0.020000   0.000755   0.020000   0.000256   0.020000   -0.000043   0.020000   0.000755   0.020000   0.000256   0.020000   -0.002784   0.020000  0.017057   0.020000   0.018163   0.020000   -0.002784   0.020000  0.017057   0.020000   0.018163   0.020000
170  -0.000042   0.020000   0.000706   0.020000   0.000251   0.020000   -0.000042   0.020000   0.000706   0.020000   0.000251   0.020000   -0.002784   0.020000  0.017010   0.020000   0.018163   0.020000   -0.002784   0.020000  0.017010   0.020000   0.018163   0.020000
171  -0.000040   0.020000   0.000655   0.020000   0.000244   0.020000   -0.000040   0.020000   0.000655   0.020000   0.000244   0.020000   -0.002783   0.020000  0.016961   0.020000   0.018161   0.020000   -0.002783   0.020000  0.016961   0.020000   0.018161   0.020000
172  -0.000038   0.020000   0.000601   0.020000   0.000233   0.020000   -0.000038   0.020000   0.000601   0.020000   0.000233   0.020000   -0.002782   0.020000  0.016910   0.020000   0.018156   0.020000   -0.002782   0.020000  0.016910   0.020000   0.018156   0.020000
173  -0.000036   0.020000   0.000545   0.020000   0.000219   0.020000   -0.000036   0.020000   0.000545   0.020000   0.000219   0.020000   -0.002780   0.020000  0.016856   0.020000   0.018148   0.020000   -0.002780   0.020000  0.016856   0.020000   0.018148   0.020000
174  -0.000033   0.020000   0.000485   0.020000   0.000202   0.020000   -0.000033   0.020000   0.000485   0.020000   0.000202   0.020000   -0.002778   0.020000  0.016799   0.020000   0.018138   0.020000   -0.002778   0.020000  0.016799   0.020000   0.018138   0.020000
175  -0.000029   0.020000   0.000424   0.020000   0.000182   0.020000   -0.000029   0.020000   0.000424   0.020000   0.000182   0.020000   -0.002775   0.020000  0.016740   0.020000   0.018125   0.020000   -0.002775   0.020000  0.016740   0.020000   0.018125   0.020000
176  -0.000026   0.020000   0.000359   0.020000   0.000159   0.020000   -0.000026   0.020000   0.000359   0.020000   0.000159   0.020000   -0.002773   0.020000  0.016679   0.020000   0.018108   0.020000   -0.002773   0.020000  0.016679   0.020000   0.018108   0.020000
177  -0.000021   0.020000   0.000293   0.020000   0.000133   0.020000   -0.000021   0.020000   0.000293   0.020000   0.000133   0.020000   -0.002769   0.020000  0.016615   0.020000   0.018089   0.020000   -0.002769   0.020000  0.016615   0.020000   0.018089   0.020000
178  -0.000017   0.020000   0.000223   0.020000   0.000104   0.020000   -0.000017   0.020000   0.000223   0.020000   0.000104   0.020000   -0.002765   0.020000  0.016549   0.020000   0.018067   0.020000   -0.002765   0.020000  0.016549   0.020000   0.018067   0.020000
179  -0.000012   0.020000   0.000151   0.020000   0.000073   0.020000   -0.000012   0.020000   0.000151   0.020000   0.000073   0.020000   -0.002761   0.020000  0.016481   0.020000   0.018042   0.020000   -0.002761   0.020000  0.016481   0.020000   0.018042   0.020000
180  -0.000006   0.020000   0.000077   0.020000   0.000038   0.020000   -0.000006   0.020000   0.000077   0.020000   0.000038   0.020000   -0.002756   0.020000  0.016410   0.020000   0.018015   0.020000   -0.002756   0.020000  0.016410   0.020000   0.018015   0.020000
181  0.000000   0.020000   0.000000   0.020000   0.000000   0.020000   0.000000   0.020000   0.000000   0.020000   0.000000   0.020000   -0.002751   0.020000  0.016336   0.020000   0.017984   0.020000   -0.002751   0.020000  0.016336   0.020000   0.017984   0.020000
182  0.000000   0.020000   -0.000073   0.020000   -0.000034   0.020000   0.000000   0.020000   -0.000073   0.020000   -0.000034   0.020000   -0.002746   0.020000  0.016261   0.020000   0.017951   0.020000   -0.002746   0.020000  0.016261   0.020000   0.017951   0.020000
183  -0.000000   0.020000   -0.000148   0.020000   -0.000070   0.020000   -0.000000   0.020000   -0.000148   0.020000   -0.000070   0.020000   -0.002739   0.020000  0.016182   0.020000   0.017913   0.020000   -0.002739   0.020000  0.016182   0.020000   0.017913   0.020000
184  -0.000000   0.020000   -0.000226   0.020000   -0.000109   0.020000   -0.000000   0.020000   -0.000226   0.020000   -0.000109   0.020000   -0.002733   0.020000  0.016102   0.020000   0.017874   0.020000   -0.002733   0.020000  0.016102   0.020000   0.017874   0.020000
185  0.000000   0.020000   -0.000305   0.020000   -0.000150   0.020000   0.000000   0.020000   -0.000305   0.020000   -0.000150   0.020000   -0.002726   0.020000  0.016019   0.020000   0.017833   0.020000   -0.002726   0.020000  0.016019   0.020000   0.017833   0.020000
186  0.000000   0.020000   -0.000386   0.020000   -0.000194   0.020000   0.000000   0.020000   -0.000386   0.020000   -0.000194   0.020000   -0.002719   0.020000  0.015934   0.020000   0.017789   0.020000   -0.002719   0.020000  0.015934   0.020000   0.017789   0.020000
187  0.000000   0.020000   -0.000469   0.020000   -0.000240   0.020000   0.000000   0.020000   -0.000469   0.020000   -0.000240   0.020000   -0.002711   0.020000  0.015847   0.020000   0.017742   0.020000   -0.002711   0.020000  0.015847   0.020000   0.017742   0.020000
188  -0.000000   0.020000   -0.000554   0.020000   -0.000289   0.020000   -0.000000   0.020000   -0.000554   0.020000   -0.000289   0.020000   -0.002703   0.020000  0.015758   0.020000   0.017693   0.020000   -0.002703   0.020000  0.015758   0.020000   0.017693   0.020000
189  -0.000000   0.020000   -0.000641   0.020000   -0.000339   0.020000   -0.000000   0.020000   -0.000641   0.020000   -0.000339   0.020000   -0.002695   0.020000  0.015666   0.020000   0.017640   0.020000   -0.002695   0.020000  0.015666   0.020000   0.017640   0.020000
190  -0.000000   0.020000   -0.000730   0.020000   -0.000393   0.020000   -0.000000   0.020000   -0.000730   0.020000   -0.000393   0.020000   -0.002686   0.020000  0.015572   0.020000   0.017586   0.020000   -0.002686   0.020000  0.015572   0.020000   0.017586   0.020000
191  0.000000   0.020000   -0.000821   0.020000   -0.000449   0.020000   0.000000   0.020000   -0.000821   0.020000   -0.000449   0.020000   -0.002677   0.020000  0.015476   0.020000   0.017528   0.020000   -0.002677   0.020000  0.015476   0.020000   0.017528   0.020000
192  0.000000   0.020000   -0.000913   0.020000   -0.000507   0.020000   0.000000   0.020000   -0.000913   0.020000   -0.000507   0.020000   -0.002667   0.020000  0.015378   0.020000   0.017468   0.020000   -0.002667   0.020000  0.015378   0.020000   0.017468   0.020000
193  -0.000000   0.020000   -0.001008   0.020000   -0.000567   0.020000   -0.000000   0.020000   -0.001008   0.020000   -0.000567   0.020000   -0.002657   0.020000  0.015278   0.020000   0.017405   0.020000   -0.002657   0.020000  0.015278   0.020000   0.017405   0.020000
194  0.000000   0.020000   -0.001104   0.020000   -0.000630   0.020000   0.000000   0.020000   -0.001104   0.020000   -0.000630   0.020000   -0.002646   0.020000  0.015176   0.020000   0.017340   0.020000   -0.002646   0.020000  0.015176   0.020000   0.017340   0.020000
195  0.000000   0.020000   -0.001202   0.020000   -0.000695   0.020000   0.000000   0.020000   -0.001202   0.020000   -0.000695   0.020000   -0.002636   0.020000  0.015071   0.020000   0.017272   0.020000   -0.002636   0.020000  0.015071   0.020000   0.017272   0.020000
196  0.000000   0.020000   -0.001302   0.020000   -0.000762   0.020000   0.000000   0.020000   -0.001302   0.020000   -0.000762   0.020000   -0.002624   0.020000  0.014965   0.020000   0.017202   0.020000   -0.002624   0.020000  0.014965   0.020000   0.017202   0.020000
197  0.000000   0.020000   -0.001404   0.020000   -0.000832   0.020000   0.000000   0.020000   -0.001404   0.020000   -0.000832   0.020000   -0.002613   0.020000  0.014856   0.020000   0.017129   0.020000   -0.002613   0.020000  0.014856   0.020000   0.017129   0.020000
198  0.000000   0.020000   -0.001507   0.020000   -0.000903   0.020000   0.000000   0.020000   -0.001507   0.020000   -0.000903   0.020000   -0.002601   0.020000  0.014746   0.020000   0.017053   0.020000   -0.002601   0.020000  0.014746   0.020000   0.017053   0.020000
199  0.000000   0.020000   -0.001612   0.020000   -0.000978   0.020000   0.000000   0.020000   -0.001612   0.020000   -0.000978   0.020000   -0.002588   0.020000  0.014633   0.020000   0.016975   0.020000   -0.002588   0.020000  0.014633   0.020000   0.016975   0.020000
200  -0.000000   0.020000   -0.001719   0.020000   -0.001054   0.020000   -0.000000   0.020000   -0.001719   0.020000   -0.001054   0.020000   -0.002575   0.020000  0.014519   0.020000   0.016894   0.020000   -0.002575   0.020000  0.014519   0.020000   0.016894   0.020000
201  -0.000000   0.020000   -0.001827   0.020000   -0.001132   0.020000   -0.000000   0.020000   -0.001827   0.020000   -0.001132   0.020000   -0.002562   0.020000  0.014402   0.020000   0.016811   0.020000   -0.002562   0.020000  0.014402   0.020000   0.016811   0.020000
202  -0.000000   0.020000   -0.001938   0.020000   -0.001213   0.020000   -0.000000   0.020000   -0.001938   0.020000   -0.001213   0.020000   -0.002549   0.020000  0.014284   0.020000   0.016726   0.020000   -0.002549   0.020000  0.014284   0.020000   0.016726   0.020000
203  0.000000   0.020000   -0.002049   0.020000   -0.001296   0.020000   0.000000   0.020000   -0.002049   0.020000   -0.001296   0.020000   -0.002535   0.020000  0.014163   0.020000   0.016638   0.020000   -0.002535   0.020000  0.014163   0.020000   0.016638   0.020000
204  0.000000   0.020000   -0.002163   0.020000   -0.001381   0.020000   0.000000   0.020000   -0.002163   0.020000   -0.001381   0.020000   -0.002520   0.020000  0.014041   0.020000   0.016548   0.020000   -0.002520   0.020000  0.014041   0.020000   0.016548   0.020000
205  -0.000000   0.020000   -0.002274   0.020000   -0.001472   0.020000   -0.000000   0.020000   -0.002274   0.020000   -0.001472   0.020000   -0.002506   0.020000  0.013917   0.020000   0.016455   0.020000   -0.002506   0.020000  0.013917   0.020000   0.016455   0.020000
206  -0.000000   0.020000   -0.002391   0.020000   -0.001561   0.020000   -0.000000   0.020000   -0.002391   0.020000   -0.001561   0.020000   -0.002491   0.020000  0.013791   0.020000   0.016360   0.020000   -0.002491   0.020000  0.013791   0.020000   0.016360   0.020000
207  -0.000000   0.020000   -0.002515   0.020000   -0.001650   0.020000   -0.000000   0.020000   -0.002515   0.020000   -0.001650   0.020000   -0.002475   0.020000  0.013664   0.020000   0.016263   0.020000   -0.002475   0.020000  0.013664   0.020000   0.016263   0.020000
208  -0.000000   0.020000   -0.002635   0.020000   -0.001744   0.020000   -0.000000   0.020000   -0.002635   0.020000   -0.001744   0.020000   -0.002460   0.020000  0.013534   0.020000   0.016164   0.020000   -0.002460   0.020000  0.013534   0.020000   0.016164   0.020000
209  -0.000000   0.020000   -0.002756   0.020000   -0.001839   0.020000   -0.000000   0.020000   -0.002756   0.020000   -0.001839   0.020000   -0.002444   0.020000  0.013404   0.020000   0.016063   0.020000   -0.002444   0.020000  0.013404   0.020000   0.016063   0.020000
210  -0.000000   0.020000   -0.002879   0.020000   -0.001937   0.020000   -0.000000   0.020000   -0.002879   0.020000   -0.001937   0.020000   -0.002428   0.020000  0.013271   0.020000   0.015959   0.020000   -0.002428   0.020000  0.013271   0.020000   0.015959   0.020000
211  -0.000000   0.020000   -0.003003   0.020000   -0.002036   0.020000   -0.000000   0.020000   -0.003003   0.020000   -0.002036   0.020000   -0.002411   0.020000  0.013137   0.020000   0.015853   0.020000   -0.002411   0.020000  0.013137   0.020000   0.015853   0.020000
212  0.000000   0.020000   -0.003128   0.020000   -0.002137   0.020000   0.000000   0.020000   -0.003128   0.020000   -0.002137   0.020000   -0.002394   0.020000  0.013001   0.020000   0.015744   0.020000   -0.002394   0.020000  0.013001   0.020000   0.015744   0.020000
213  -0.000000   0.020000   -0.003255   0.020000   -0.002240   0.020000   -0.000000   0.020000   -0.003255   0.020000   -0.002240   0.020000   -0.002376   0.020000  0.012863   0.020000   0.015634   0.020000   -0.002376   0.020000  0.012863   0.020000   0.015634   0.020000
214  0.000000   0.020000   -0.003383   0.020000   -0.002346   0.020000   0.000000   0.020000   -0.003383   0.020000   -0.002346   0.020000   -0.002359   0.020000  0.012724   0.020000   0.015521   0.020000   -0.002359   0.020000  0.012724   0.020000   0.015521   0.020000
215  -0.000000   0.020000   -0.003513   0.020000   -0.002452   0.020000   -0.000000   0.020000   -0.003513   0.020000   -0.002452   0.020000   -0.002341   0.020000  0.012584   0.020000   0.015407   0.020000   -0.002341   0.020000  0.012584   0.020000   0.015407   0.020000
216  0.000000   0.020000   -0.003644   0.020000   -0.002561   0.020000   0.000000   0.020000   -0.003644   0.020000   -0.002561   0.020000   -0.002322   0.020000  0.012441   0.020000   0.015290   0.020000   -0.002322   0.020000  0.012441   0.020000   0.015290   0.020000
217  0.000000   0.020000   -0.003776   0.020000   -0.002672   0.020000   0.000000   0.020000   -0.003776   0.020000   -0.002672   0.020000   -0.002304   0.020000  0.012298   0.020000   0.015172   0.020000   -0.002304   0.020000  0.012298   0.020000   0.015172   0.020000
218  -0.000000   0.020000   -0.003909   0.020000   -0.002784   0.020000   -0.000000   0.020000   -0.003909   0.020000   -0.002784   0.020000   -0.002285   0.020000  0.012153   0.020000   0.015051   0.020000   -0.002285   0.020000  0.012153   0.020000   0.015051   0.020000
219  0.000000   0.020000   -0.004044   0.020000   -0.002898   0.020000   0.000000   0.020000   -0.004044   0.020000   -0.002898   0.020000   -0.002265   0.020000  0.012006   0.020000   0.014928   0.020000   -0.002265   0.020000  0.012006   0.020000   0.014928   0.020000
220  0.000000   0.020000   -0.004179   0.020000   -0.003014   0.020000   0.000000   0.020000   -0.004179   0.020000   -0.003014   0.020000   -0.002246   0.020000  0.011859   0.020000   0.014804   0.020000   -0.002246   0.020000  0.011859   0.020000   0.014804   0.020000
221  -0.000000   0.020000   -0.004316   0.020000   -0.003131   0.020000   -0.000000   0.020000   -0.004316   0.020000   -0.003131   0.020000   -0.002226   0.020000  0.011710   0.020000   0.014678   0.020000   -0.002226   0.020000  0.011710   0.020000   0.014678   0.020000
222  -0.000000   0.020000   -0.004454   0.020000   -0.003250   0.020000   -0.000000   0.020000   -0.004454   0.020000   -0.003250   0.020000   -0.002206   0.020000  0.011559   0.020000   0.014550   0.020000   -0.002206   0.020000  0.011559   0.020000   0.014550   0.020000
223  -0.000000   0.020000   -0.004593   0.020000   -0.003371   0.020000   -0.000000   0.020000   -0.004593   0.020000   -0.003371   0.020000   -0.002185   0.020000  0.011408   0.020000   0.014420   0.020000   -0.002185   0.020000  0.011408   0.020000   0.014420   0.020000
224  -0.000000   0.020000   -0.004733   0.020000   -0.003493   0.020000   -0.000000   0.020000   -0.004733   0.020000   -0.003493   0.020000   -0.002165   0.020000  0.011255   0.020000   0.014288   0.020000   -0.002165   0.020000  0.011255   0.020000   0.014288   0.020000
225  -0.000000   0.020000   -0.004874   0.020000   -0.003617   0.020000   -0.000000   0.020000   -0.004874   0.020000   -0.003617   0.020000   -0.002144   0.020000  0.011102   0.020000   0.014155   0.020000   -0.002144   0.020000  0.011102   0.020000   0.014155   0.020000
226  -0.000000   0.020000   -0.005016   0.020000   -0.003742   0.020000   -0.000000   0.020000   -0.005016   0.020000   -0.003742   0.020000   -0.002123   0.020000  0.010947   0.020000   0.014020   0.020000   -0.002123   0.020000  0.010947   0.020000   0.014020   0.020000
227  -0.000000   0.020000   -0.005158   0.020000   -0.003869   0.020000   -0.000000   0.020000   -0.005158   0.020000   -0.003869   0.020000   -0.002101   0.020000  0.010791   0.020000   0.013883   0.020000   -0.002101   0.020000  0.010791   0.020000   0.013883   0.020000
228  -0.000000   0.020000   -0.005302   0.020000   -0.003997   0.020000   -0.000000   0.020000   -0.005302   0.020000   -0.003997   0.020000   -0.002080   0.020000  0.010634   0.020000   0.013745   0.020000   -0.002080   0.020000  0.010634   0.020000   0.013745   0.020000
229  -0.000000   0.020000   -0.005447   0.020000   -0.004127   0.020000   -0.000000   0.020000   -0.005447   0.020000   -0.004127   0.020000   -0.002058   0.020000  0.010476   0.020000   0.013606   0.020000   -0.002058   0.020000  0.010476   0.020000   0.013606   0.020000
230  0.000000   0.020000   -0.005592   0.020000   -0.004257   0.020000   0.000000   0.020000   -0.005592   0.020000   -0.004257   0.020000   -0.002036   0.020000  0.010317   0.020000   0.013464   0.020000   -0.002036   0.020000  0.010317   0.020000   0.013464   0.020000
231  0.000000   0.020000   -0.005738   0.020000   -0.004390   0.020000   0.000000   0.020000   -0.005738   0.020000   -0.004390   0.020000   -0.002013   0.020000  0.010158   0.020000   0.013322   0.020000   -0.002013   0.020000  0.010158   0.020000   0.013322   0.020000
232  -0.000000   0.020000   -0.005885   0.020000   -0.004523   0.020000   -0.000000   0.020000   -0.005885   0.020000   -0.004523   0.020000   -0.001991   0.020000  0.009997   0.020000   0.013178   0.020000   -0.001991   0.020000  0.009997   0.020000   0.013178   0.020000
233  0.000000   0.020000   -0.006032   0.020000   -0.004658   0.020000   0.000000   0.020000   -0.006032   0.020000   -0.004658   0.020000   -0.001968   0.020000  0.009836   0.020000   0.013032   0.020000   -0.001968   0.020000  0.009836   0.020000   0.013032   0.020000
234  0.000000   0.020000   -0.006173   0.020000   -0.004789   0.020000   0.000000   0.020000   -0.006173   0.020000   -0.004789   0.020000   -0.001945   0.020000  0.009674   0.020000   0.012886   0.020000   -0.001945   0.020000  0.009674   0.020000   0.012886   0.020000
235  0.000000   0.020000   -0.006321   0.020000   -0.004926   0.020000   0.000000   0.020000   -0.006321   0.020000   -0.004926   0.020000   -0.001922   0.020000  0.009511   0.020000   0.012738   0.020000   -0.001922   0.020000  0.009511   0.020000   0.012738   0.020000
236  0.000000   0.020000   -0.006471   0.020000   -0.005064   0.020000   0.000000   0.020000   -0.006471   0.020000   -0.005064   0.020000   -0.001898   0.020000  0.009348   0.020000   0.012589   0.020000   -0.001898   0.020000  0.009348   0.020000   0.012589   0.020000
237  0.000000   0.020000   -0.006620   0.020000   -0.005203   0.020000   0.000000   0.020000   -0.006620   0.020000   -0.005203   0.020000   -0.001874   0.020000  0.009184   0.020000   0.012437   0.020000   -0.001874   0.020000  0.009184   0.020000   0.012437   0.020000
238  0.000000   0.020000   -0.006770   0.020000   -0.005343   0.020000   0.000000   0.020000   -0.006770   0.020000   -0.005343   0.020000   -0.001850   0.020000  0.009020   0.020000   0.012285   0.020000   -0.001850   0.020000  0.009020   0.020000   0.012285   0.020000
239  0.000000   0.020000   -0.006921   0.020000   -0.005485   0.020000   0.000000   0.020000   -0.006921   0.020000   -0.005485   0.020000   -0.001827   0.020000  0.008855   0.020000   0.012133   0.020000   -0.001827   0.020000  0.008855   0.020000   0.012133   0.020000
240  0.000000   0.020000   -0.007072   0.020000   -0.005627   0.020000   0.000000   0.020000   -0.007072   0.020000   -0.005627   0.020000   -0.001803   0.020000  0.008690   0.020000   0.011979   0.020000   -0.001803   0.020000  0.008690   0.020000   0.011979   0.020000
241  0.000000   0.020000   -0.007223   0.020000   -0.005770   0.020000   0.000000   0.020000   -0.007223   0.020000   -0.005770   0.020000   -0.001778   0.020000  0.008524   0.020000   0.011825   0.020000   -0.001778   0.020000  0.008524   0.020000   0.011825   0.020000
242  -0.000000   0.020000   -0.007374   0.020000   -0.005914   0.020000   -0.000000   0.020000   -0.007374   0.020000   -0.005914   0.020000   -0.001754   0.020000  0.008358   0.020000   0.011669   0.020000   -0.001754   0.020000  0.008358   0.020000   0.011669   0.020000
243  0.000000   0.020000   -0.007526   0.020000   -0.006059   0.020000   0.000000   0.020000   -0.007526   0.020000   -0.006059   0.020000   -0.001730   0.020000  0.008192   0.020000   0.011513   0.020000   -0.001730   0.020000  0.008192   0.020000   0.011513   0.020000
244  -0.000000   0.020000   -0.007678   0.020000   -0.006205   0.020000   -0.000000   0.020000   -0.007678   0.020000   -0.006205   0.020000   -0.001705   0.020000  0.008026   0.020000   0.011356   0.020000   -0.001705   0.020000  0.008026   0.020000   0.011356   0.020000
245  -0.000000   0.020000   -0.007830   0.020000   -0.006351   0.020000   -0.000000   0.020000   -0.007830   0.020000   -0.006351   0.020000   -0.001680   0.020000  0.007859   0.020000   0.011198   0.020000   -0.001680   0.020000  0.007859   0.020000   0.011198   0.020000
246  0.000000   0.020000   -0.007982   0.020000   -0.006498   0.020000   0.000000   0.020000   -0.007982   0.020000   -0.006498   0.020000   -0.001656   0.020000  0.007692   0.020000   0.011039   0.020000   -0.001656   0.020000  0.007692   0.020000   0.011039   0.020000
247  0.000000   0.020000   -0.008135   0.020000   -0.006646   0.020000   0.000000   0.020000   -0.008135   0.020000   -0.006646   0.020000   -0.001631   0.020000  0.007525   0.020000   0.010880   0.020000   -0.001631   0.020000  0.007525   0.020000   0.010880   0.020000
248  -0.000000   0.020000   -0.008287   0.020000   -0.006795   0.020000   -0.000000   0.020000   -0.008287   0.020000   -0.006795   0.020000   -0.001606   0.020000  0.007359   0.020000   0.010720   0.020000   -0.001606   0.020000  0.007359   0.020000   0.010720   0.020000
249  0.000000   0.020000   -0.008439   0.020000   -0.006944   0.020000   0.000000   0.020000   -0.008439   0.020000   -0.006944   0.020000   -0.001581   0.020000  0.007192   0.020000   0.010560   0.020000   -0.001581   0.020000  0.007192   0.020000   0.010560   0.020000
250  -0.000000   0.020000   -0.008591   0.020000   -0.007093   0.020000   -0.000000   0.020000   -0.008591   0.020000   -0.007093   0.020000   -0.001555   0.020000  0.007026   0.020000   0.010399   0.020000   -0.001555   0.020000  0.007026   0.020000   0.010399   0.020000
251  0.000000   0.020000   -0.008743   0.020000   -0.007243   0.020000   0.000000   0.020000   -0.008743   0.020000   -0.007243   0.020000   -0.001530   0.020000  0.006859   0.020000   0.010237   0.020000   -0.001530   0.020000  0.006859   0.020000   0.010237   0.020000
252  0.000000   0.020000   -0.008895   0.020000   -0.007393   0.020000   0.000000   0.020000   -0.008895   0.020000   -0.007393   0.020000   -0.001505   0.020000  0.006693   0.020000   0.010075   0.020000   -0.001505   0.020000  0.006693   0.020000   0.010075   0.020000
253  0.000000   0.020000   -0.009047   0.020000   -0.007544   0.020000   0.000000   0.020000   -0.009047   0.020000   -0.007544   0.020000   -0.001480   0.020000  0.006527   0.020000   0.009913   0.020000   -0.001480   0.020000  0.006527   0.020000   0.009913   0.020000
254  -0.000000   0.020000   -0.009198   0.020000   -0.007695   0.020000   -0.000000   0.020000   -0.009198   0.020000   -0.007695   0.020000   -0.001454   0.020000  0.006361   0.020000   0.009750   0.020000   -0.001454   0.020000  0.006361   0.020000   0.009750   0.020000
255  0.000000   0.020000   -0.009349   0.020000   -0.007847   0.020000   0.000000   0.020000   -0.009349   0.020000   -0.007847   0.020000   -0.001428   0.020000  0.006221   0.020000   0.009559   0.020000   -0.001428   0.020000  0.006221   0.020000   0.009559   0.020000
256  -0.000000   0.020000   -0.009499   0.020000   -0.007999   0.020000   -0.000000   0.020000   -0.009499   0.020000   -0.007999   0.020000   -0.001402   0.020000  0.006056   0.020000   0.009396   0.020000   -0.001402   0.020000  0.006056   0.020000   0.009396   0.020000
257  -0.000000   0.020000   -0.009650   0.020000   -0.008150   0.020000   -0.000000   0.020000   -0.009650   0.020000   -0.008150   0.020000   -0.001377   0.020000  0.005891   0.020000   0.009234   0.020000   -0.001377   0.020000  0.005891   0.020000   0.009234   0.020000
258  0.000000   0.020000   -0.009799   0.020000   -0.008302   0.020000   0.000000   0.020000   -0.009799   0.020000   -0.008302   0.020000   -0.001351   0.020000  0.005727   0.020000   0.009072   0.020000   -0.001351   0.020000  0.005727   0.020000   0.009072   0.020000
259  0.000000   0.020000   -0.009948   0.020000   -0.008455   0.020000   0.000000   0.020000   -0.009948   0.020000   -0.008455   0.020000   -0.001326   0.020000  0.005563   0.020000   0.008909   0.020000   -0.001326   0.020000  0.005563   0.020000   0.008909   0.020000
260  0.000000   0.020000   -0.010097   0.020000   -0.008607   0.020000   0.000000   0.020000   -0.010097   0.020000   -0.008607   0.020000   -0.001301   0.020000  0.005400   0.020000   0.008746   0.020000   -0.001301   0.020000  0.005400   0.020000   0.008746   0.020000
261  -0.000000   0.020000   -0.010245   0.020000   -0.008759   0.020000   -0.000000   0.020000   -0.010245   0.020000   -0.008759   0.020000   -0.001275   0.020000  0.005238   0.020000   0.008584   0.020000   -0.001275   0.020000  0.005238   0.020000   0.008584   0.020000
262  -0.000000   0.020000   -0.010392   0.020000   -0.008911   0.020000   -0.000000   0.020000   -0.010392   0.020000   -0.008911   0.020000   -0.001250   0.020000  0.005077   0.020000   0.008421   0.020000   -0.001250   0.020000  0.005077   0.020000   0.008421   0.020000
263  -0.000000   0.020000   -0.010538   0.020000   -0.009063   0.020000   -0.000000   0.020000   -0.010538   0.020000   -0.009063   0.020000   -0.001225   0.020000  0.004916   0.020000   0.008259   0.020000   -0.001225   0.020000  0.004916   0.020000   0.008259   0.020000
264  -0.000000   0.020000   -0.010684   0.020000   -0.009215   0.020000   -0.000000   0.020000   -0.010684   0.020000   -0.009215   0.020000   -0.001199   0.020000  0.004757   0.020000   0.008097   0.020000   -0.001199   0.020000  0.004757   0.020000   0.008097   0.020000
265  -0.000000   0.020000   -0.010841   0.020000   -0.009375   0.020000   -0.000000   0.020000   -0.010841   0.020000   -0.009375   0.020000   -0.001174   0.020000  0.004598   0.020000   0.007935   0.020000   -0.001174   0.020000  0.004598   0.020000   0.007935   0.020000
266  -0.000000   0.020000   -0.010985   0.020000   -0.009527   0.020000   -0.000000   0.020000   -0.010985   0.020000   -0.009527   0.020000   -0.001149   0.020000  0.004440   0.020000   0.007774   0.020000   -0.001149   0.020000  0.004440   0.020000   0.007774   0.020000
267  -0.000000   0.020000   -0.011128   0.020000   -0.009678   0.020000   -0.000000   0.020000   -0.011128   0.020000   -0.009678   0.020000   -0.001124   0.020000  0.004284   0.020000   0.007613   0.020000   -0.001124   0.020000  0.004284   0.020000   0.007613   0.020000
268  0.000000   0.020000   -0.011270   0.020000   -0.009829   0.020000   0.000000   0.020000   -0.011270   0.020000   -0.009829   0.020000   -0.001099   0.020000  0.004128   0.020000   0.007452   0.020000   -0.001099   0.020000  0.004128   0.020000   0.007452   0.020000
269  -0.000000   0.020000   -0.011411   0.020000   -0.009979   0.020000   -0.000000   0.020000   -0.011411   0.020000   -0.009979   0.020000   -0.001074   0.020000  0.003974   0.020000   0.007292   0.020000   -0.001074   0.020000  0.003974   0.020000   0.007292   0.020000
270  0.000000   0.020000   -0.011551   0.020000   -0.010130   0.020000   0.000000   0.020000   -0.011551   0.020000   -0.010130   0.020000   -0.001049   0.020000  0.003821   0.020000   0.007132   0.020000   -0.001049   0.020000  0.003821   0.020000   0.007132   0.020000
271  -0.000000   0.020000   -0.011689   0.020000   -0.010279   0.020000   -0.000000   0.020000   -0.011689   0.020000   -0.010279   0.020000   -0.001024   0.020000  0.003670   0.020000   0.006973   0.020000   -0.001024   0.020000  0.003670   0.020000   0.006973   0.020000
272  -0.000000   0.020000   -0.011827   0.020000   -0.010428   0.020000   -0.000000   0.020000   -0.011827   0.020000   -0.010428   0.020000   -0.001000   0.020000  0.003520   0.020000   0.006815   0.020000   -0.001000   0.020000  0.003520   0.020000   0.006815   0.020000
273  -0.000000   0.020000   -0.011963   0.020000   -0.010577   0.020000   -0.000000   0.020000   -0.011963   0.020000   -0.010577   0.020000   -0.000975   0.020000  0.003371   0.020000   0.006657   0.020000   -0.000975   0.020000  0.003371   0.020000   0.006657   0.020000
274  0.000000   0.020000   -0.012098   0.020000   -0.010725   0.020000   0.000000   0.020000   -0.012098   0.020000   -0.010725   0.020000   -0.000951   0.020000  0.003223   0.020000   0.006500   0.020000   -0.000951   0.020000  0.003223   0.020000   0.006500   0.020000
275  0.000000   0.020000   -0.012232   0.020000   -0.010872   0.020000   0.000000   0.020000   -0.012232   0.020000   -0.010872   0.020000   -0.000927   0.020000  0.003078   0.020000   0.006344   0.020000   -0.000927   0.020000  0.003078   0.020000   0.006344   0.020000
276  0.000000   0.020000   -0.012364   0.020000   -0.011019   0.020000   0.000000   0.020000   -0.012364   0.020000   -0.011019   0.020000   -0.000903   0.020000  0.002933   0.020000   0.006188   0.020000   -0.000903   0.020000  0.002933   0.020000   0.006188   0.020000
277  -0.000000   0.020000   -0.012494   0.020000   -0.011165   0.020000   -0.000000   0.020000   -0.012494   0.020000   -0.011165   0.020000   -0.000879   0.020000  0.002791   0.020000   0.006034   0.020000   -0.000879   0.020000  0.002791   0.020000   0.006034   0.020000
278  -0.000000   0.020000   -0.012623   0.020000   -0.011310   0.020000   -0.000000   0.020000   -0.012623   0.020000   -0.011310   0.020000   -0.000855   0.020000  0.002650   0.020000   0.005880   0.020000   -0.000855   0.020000  0.002650   0.020000   0.005880   0.020000
279  0.000000   0.020000   -0.012751   0.020000   -0.011454   0.020000   0.000000   0.020000   -0.012751   0.020000   -0.011454   0.020000   -0.000832   0.020000  0.002511   0.020000   0.005728   0.020000   -0.000832   0.020000  0.002511   0.020000   0.005728   0.020000
280  -0.000000   0.020000   -0.012877   0.020000   -0.011597   0.020000   -0.000000   0.020000   -0.012877   0.020000   -0.011597   0.020000   -0.000808   0.020000  0.002373   0.020000   0.005576   0.020000   -0.000808   0.020000  0.002373   0.020000   0.005576   0.020000
281  -0.000000   0.020000   -0.013001   0.020000   -0.011740   0.020000   -0.000000   0.020000   -0.013001   0.020000   -0.011740   0.020000   -0.000785   0.020000  0.002238   0.020000   0.005426   0.020000   -0.000785   0.020000  0.002238   0.020000   0.005426   0.020000
282  0.000000   0.020000   -0.013124   0.020000   -0.011881   0.020000   0.000000   0.020000   -0.013124   0.020000   -0.011881   0.020000   -0.000762   0.020000  0.002104   0.020000   0.005276   0.020000   -0.000762   0.020000  0.002104   0.020000   0.005276   0.020000
283  0.000000   0.020000   -0.013244   0.020000   -0.012021   0.020000   0.000000   0.020000   -0.013244   0.020000   -0.012021   0.020000   -0.000739   0.020000  0.001973   0.020000   0.005128   0.020000   -0.000739   0.020000  0.001973   0.020000   0.005128   0.020000
284  -0.000000   0.020000   -0.013363   0.020000   -0.012160   0.020000   -0.000000   0.020000   -0.013363   0.020000   -0.012160   0.020000   -0.000716   0.020000  0.001843   0.020000   0.004981   0.020000   -0.000716   0.020000  0.001843   0.020000   0.004981   0.020000
285  -0.000000   0.020000   -0.013480   0.020000   -0.012298   0.020000   -0.000000   0.020000   -0.013480   0.020000   -0.012298   0.020000   -0.000694   0.020000  0.001715   0.020000   0.004835   0.020000   -0.000694   0.020000  0.001715   0.020000   0.004835   0.020000
286  0.000000   0.020000   -0.013596   0.020000   -0.012435   0.020000   0.000000   0.020000   -0.013596   0.020000   -0.012435   0.020000   -0.000672   0.020000  0.001590   0.020000   0.004691   0.020000   -0.000672   0.020000  0.001590   0.020000   0.004691   0.020000
287  0.000000   0.020000   -0.013709   0.020000   -0.012571   0.020000   0.000000   0.020000   -0.013709   0.020000   -0.012571   0.020000   -0.000650   0.020000  0.001466   0.020000   0.004548   0.020000   -0.000650   0.020000  0.001466   0.020000   0.004548   0.020000
288  -0.000000   0.020000   -0.013820   0.020000   -0.012705   0.020000   -0.000000   0.020000   -0.013820   0.020000   -0.012705   0.020000   -0.000628   0.020000  0.001345   0.020000   0.004407   0.020000   -0.000628   0.020000  0.001345   0.020000   0.004407   0.020000
289  -0.000000   0.020000   -0.013929   0.020000   -0.012838   0.020000   -0.000000   0.020000   -0.013929   0.020000   -0.012838   0.020000   -0.000608   0.020000  0.001234   0.020000   0.004256   0.020000   -0.000608   0.020000  0.001234   0.020000   0.004256   0.020000
290  -0.000000   0.020000   -0.014037   0.020000   -0.012970   0.020000   -0.000000   0.020000   -0.014037   0.020000   -0.012970   0.020000   -0.000586   0.020000  0.001117   0.020000   0.004117   0.020000   -0.000586   0.020000  0.001117   0.020000   0.004117   0.020000
291  -0.000000   0.020000   -0.014142   0.020000   -0.013100   0.020000   -0.000000   0.020000   -0.014142   0.020000   -0.013100   0.020000   -0.000565   0.020000  0.001002   0.020000   0.003981   0.020000   -0.000565   0.020000  0.001002   0.020000   0.003981   0.020000
292  0.000000   0.020000   -0.014245   0.020000   -0.013229   0.020000   0.000000   0.020000   -0.014245   0.020000   -0.013229   0.020000   -0.000545   0.020000  0.000889   0.020000   0.003846   0.020000   -0.000545   0.020000  0.000889   0.020000   0.003846   0.020000
293  0.000000   0.020000   -0.014345   0.020000   -0.013356   0.020000   0.000000   0.020000   -0.014345   0.020000   -0.013356   0.020000   -0.000524   0.020000  0.000779   0.020000   0.003713   0.020000   -0.000524   0.020000  0.000779   0.020000   0.003713   0.020000
294  -0.000000   0.020000   -0.014444   0.020000   -0.013482   0.020000   -0.000000   0.020000   -0.014444   0.020000   -0.013482   0.020000   -0.000504   0.020000  0.000671   0.020000   0.003581   0.020000   -0.000504   0.020000  0.000671   0.020000   0.003581   0.020000
295  0.000000   0.020000   -0.014540   0.020000   -0.013606   0.020000   0.000000   0.020000   -0.014540   0.020000   -0.013606   0.020000   -0.000484   0.020000  0.000566   0.020000   0.003451   0.020000   -0.000484   0.020000  0.000566   0.020000   0.003451   0.020000
296  -0.000000   0.020000   -0.014634   0.020000   -0.013729   0.020000   -0.000000   0.020000   -0.014634   0.020000   -0.013729   0.020000   -0.000465   0.020000  0.000463   0.020000   0.003323   0.020000   -0.000465   0.020000  0.000463   0.020000   0.003323   0.020000
297  -0.000000   0.020000   -0.014726   0.020000   -0.013850   0.020000   -0.000000   0.020000   -0.014726   0.020000   -0.013850   0.020000   -0.000446   0.020000  0.000361   0.020000   0.003204   0.020000   -0.000446   0.020000  0.000361   0.020000   0.003204   0.020000
298  0.000000   0.020000   -0.014815   0.020000   -0.013969   0.020000   0.000000   0.020000   -0.014815   0.020000   -0.013969   0.020000   -0.000427   0.020000  0.000263   0.020000   0.003079   0.020000   -0.000427   0.020000  0.000263   0.020000   0.003079   0.020000
299  -0.000000   0.020000   -0.014901   0.020000   -0.014090   0.020000   -0.000000   0.020000   -0.014901   0.020000   -0.014090   0.020000   -0.000408   0.020000  0.000168   0.020000   0.002956   0.020000   -0.000408   0.020000  0.000168   0.020000   0.002956   0.020000
300  -0.000000   0.020000   -0.014985   0.020000   -0.014205   0.020000   -0.000000   0.020000   -0.014985   0.020000   -0.014205   0.020000   -0.000390   0.020000  0.000076   0.020000   0.002834   0.020000   -0.000390   0.020000  0.000076   0.020000   0.002834   0.020000
301  0.000000   0.020000   -0.015067   0.020000   -0.014319   0.020000   0.000000   0.020000   -0.015067   0.020000   -0.014319   0.020000   -0.000372   0.020000  -0.000014   0.020000   0.002715   0.020000   -0.000372   0.020000  -0.000014   0.020000   0.002715   0.020000
302  -0.000000   0.020000   -0.015146   0.020000   -0.014431   0.020000   -0.000000   0.020000   -0.015146   0.020000   -0.014431   0.020000   -0.000354   0.020000  -0.000101   0.020000   0.002597   0.020000   -0.000354   0.020000  -0.000101   0.020000   0.002597   0.020000
303  -0.000000   0.020000   -0.015223   0.020000   -0.014541   0.020000   -0.000000   0.020000   -0.015223   0.020000   -0.014541   0.020000   -0.000337   0.020000  -0.000185   0.020000   0.002482   0.020000   -0.000337   0.020000  -0.000185   0.020000   0.002482   0.020000
304  -0.000000   0.020000   -0.015297   0.020000   -0.014650   0.020000   -0.000000   0.020000   -0.015297   0.020000   -0.014650   0.020000   -0.000320   0.020000  -0.000267   0.020000   0.002368   0.020000   -0.000320   0.020000  -0.000267   0.020000   0.002368   0.020000
305  0.000000   0.020000   -0.015369   0.020000   -0.014756   0.020000   0.000000   0.020000   -0.015369   0.020000   -0.014756   0.020000   -0.000303   0.020000  -0.000346   0.020000   0.002257   0.020000   -0.000303   0.020000  -0.000346   0.020000   0.002257   0.020000
306  0.000000   0.020000   -0.015438   0.020000   -0.014860   0.020000   0.000000   0.020000   -0.015438   0.020000   -0.014860   0.020000   -0.000286   0.020000  -0.000422   0.020000   0.002147   0.020000   -0.000286   0.020000  -0.000422   0.020000   0.002147   0.020000
307  -0.000000   0.020000   -0.015504   0.020000   -0.014963   0.020000   -0.000000   0.020000   -0.015504   0.020000   -0.014963   0.020000   -0.000270   0.020000  -0.000495   0.020000   0.002040   0.020000   -0.000270   0.020000  -0.000495   0.020000   0.002040   0.020000
308  -0.000000   0.020000   -0.015567   0.020000   -0.015063   0.020000   -0.000000   0.020000   -0.015567   0.020000   -0.015063   0.020000   -0.000255   0.020000  -0.000565   0.020000   0.001935   0.020000   -0.000255   0.020000  -0.000565   0.020000   0.001935   0.020000
309  -0.000000   0.020000   -0.015628   0.020000   -0.015161   0.020000   -0.000000   0.020000   -0.015628   0.020000   -0.015161   0.020000   -0.000239   0.020000  -0.000632   0.020000   0.001833   0.020000   -0.000239   0.020000  -0.000632   0.020000   0.001833   0.020000
310  -0.000000   0.020000   -0.015686   0.020000   -0.015257   0.020000   -0.000000   0.020000   -0.015686   0.020000   -0.015257   0.020000   -0.000226   0.020000  -0.000693   0.020000   0.001734   0.020000   -0.000226   0.020000  -0.000693   0.020000   0.001734   0.020000
311  0.000000   0.020000   -0.015742   0.020000   -0.015351   0.020000   0.000000   0.020000   -0.015742   0.020000   -0.015351   0.020000   -0.000212   0.020000  -0.000755   0.020000   0.001636   0.020000   -0.000212   0.020000  -0.000755   0.020000   0.001636   0.020000
312  0.000000   0.020000   -0.015794   0.020000   -0.015443   0.020000   0.000000   0.020000   -0.015794   0.020000   -0.015443   0.020000   -0.000197   0.020000  -0.000814   0.020000   0.001539   0.020000   -0.000197   0.020000  -0.000814   0.020000   0.001539   0.020000
313  0.000000   0.020000   -0.015844   0.020000   -0.015532   0.020000   0.000000   0.020000   -0.015844   0.020000   -0.015532   0.020000   -0.000181   0.020000  -0.000870   0.020000   0.001440   0.020000   -0.000181   0.020000  -0.000870   0.020000   0.001440   0.020000
314  -0.000000   0.020000   -0.015875   0.020000   -0.015604   0.020000   -0.000000   0.020000   -0.015875   0.020000   -0.015604   0.020000   -0.000170   0.020000  -0.000926   0.020000   0.001357   0.020000   -0.000170   0.020000  -0.000926   0.020000   0.001357   0.020000
315  -0.000000   0.020000   -0.015920   0.020000   -0.015689   0.020000   -0.000000   0.020000   -0.015920   0.020000   -0.015689   0.020000   -0.000156   0.020000  -0.000973   0.020000   0.001265   0.020000   -0.000156   0.020000  -0.000973   0.020000   0.001265   0.020000
316  -0.000000   0.020000   -0.015981   0.020000   -0.015790   0.020000   -0.000000   0.020000   -0.015981   0.020000   -0.015790   0.020000   -0.000144   0.020000  -0.001018   0.020000   0.001178   0.020000   -0.000144   0.020000  -0.001018   0.020000   0.001178   0.020000
317  -0.000000   0.020000   -0.016020   0.020000   -0.015871   0.020000   -0.000000   0.020000   -0.016020   0.020000   -0.015871   0.020000   -0.000132   0.020000  -0.001061   0.020000   0.001094   0.020000   -0.000132   0.020000  -0.001061   0.020000   0.001094   0.020000
318  -0.000000   0.020000   -0.016055   0.020000   -0.015949   0.020000   -0.000000   0.020000   -0.016055   0.020000   -0.015949   0.020000   -0.000118   0.020000  -0.001105   0.020000   0.001013   0.020000   -0.000118   0.020000  -0.001105   0.020000   0.001013   0.020000
319  -0.000000   0.020000   -0.016088   0.020000   -0.016024   0.020000   -0.000000   0.020000   -0.016088   0.020000   -0.016024   0.020000   -0.000106   0.020000  -0.001143   0.020000   0.000936   0.020000   -0.000106   0.020000  -0.001143   0.020000   0.000936   0.020000
320  0.000000   0.020000   -0.016118   0.020000   -0.016098   0.020000   0.000000   0.020000   -0.016118   0.020000   -0.016098   0.020000   -0.000096   0.020000  -0.001176   0.020000   0.000862   0.020000   -0.000096   0.020000  -0.001176   0.020000   0.000862   0.020000
321  0.000000   0.020000   -0.016145   0.020000   -0.016169   0.020000   0.000000   0.020000   -0.016145   0.020000   -0.016169   0.020000   -0.000090   0.020000  -0.001206   0.020000   0.000796   0.020000   -0.000090   0.020000  -0.001206   0.020000   0.000796   0.020000
322  -0.000000   0.020000   -0.016169   0.020000   -0.016237   0.020000   -0.000000   0.020000   -0.016169   0.020000   -0.016237   0.020000   -0.000078   0.020000  -0.001231   0.020000   0.000718   0.020000   -0.000078   0.020000  -0.001231   0.020000   0.000718   0.020000
323  0.000000   0.020000   -0.016190   0.020000   -0.016304   0.020000   0.000000   0.020000   -0.016190   0.020000   -0.016304   0.020000   -0.000068   0.020000  -0.001256   0.020000   0.000648   0.020000   -0.000068   0.020000  -0.001256   0.020000   0.000648   0.020000
324  0.000000   0.020000   -0.016208   0.020000   -0.016367   0.020000   0.000000   0.020000   -0.016208   0.020000   -0.016367   0.020000   -0.000051   0.020000  -0.001280   0.020000   0.000552   0.020000   -0.000051   0.020000  -0.001280   0.020000   0.000552   0.020000
325  0.000000   0.020000   -0.016223   0.020000   -0.016429   0.020000   0.000000   0.020000   -0.016223   0.020000   -0.016429   0.020000   -0.000043   0.020000  -0.001302   0.020000   0.000492   0.020000   -0.000043   0.020000  -0.001302   0.020000   0.000492   0.020000
326  -0.000000   0.020000   -0.016235   0.020000   -0.016487   0.020000   -0.000000   0.020000   -0.016235   0.020000   -0.016487   0.020000   -0.000036   0.020000  -0.001322   0.020000   0.000437   0.020000   -0.000036   0.020000  -0.001322   0.020000   0.000437   0.020000
327  0.000000   0.020000   -0.016245   0.020000   -0.016544   0.020000   0.000000   0.020000   -0.016245   0.020000   -0.016544   0.020000   0.000024   0.020000  -0.001351   0.020000   0.000374   0.020000   0.000024   0.020000  -0.001351   0.020000   0.000374   0.020000
328  -0.000000   0.020000   -0.016251   0.020000   -0.016597   0.020000   -0.000000   0.020000   -0.016251   0.020000   -0.016597   0.020000   -0.000024   0.020000  -0.001336   0.020000   0.000335   0.020000   -0.000024   0.020000  -0.001336   0.020000   0.000335   0.020000
329  0.000000   0.020000   -0.016255   0.020000   -0.016648   0.020000   0.000000   0.020000   -0.016255   0.020000   -0.016648   0.020000   -0.000017   0.020000  -0.001340   0.020000   0.000277   0.020000   -0.000017   0.020000  -0.001340   0.020000   0.000277   0.020000
330  -0.000000   0.020000   -0.016256   0.020000   -0.016697   0.020000   -0.000000   0.020000   -0.016256   0.020000   -0.016697   0.020000   0.000013   0.020000  -0.001345   0.020000   0.000223   0.020000   0.000013   0.020000  -0.001345   0.020000   0.000223   0.020000
331  -0.000000   0.020000   -0.016253   0.020000   -0.016743   0.020000   -0.000000   0.020000   -0.016253   0.020000   -0.016743   0.020000   0.000009   0.020000  -0.001340   0.020000   0.000180   0.020000   0.000009   0.020000  -0.001340   0.020000   0.000180   0.020000
332  -0.000000   0.020000   -0.016248   0.020000   -0.016787   0.020000   -0.000000   0.020000   -0.016248   0.020000   -0.016787   0.020000   0.000006   0.020000  -0.001340   0.020000   0.000142   0.020000   0.000006   0.020000  -0.001340   0.020000   0.000142   0.020000
333  -0.000000   0.020000   -0.016240   0.020000   -0.016828   0.020000   -0.000000   0.020000   -0.016240   0.020000   -0.016828   0.020000   0.000004   0.020000  -0.001330   0.020000   0.000104   0.020000   0.000004   0.020000  -0.001330   0.020000   0.000104   0.020000
334  0.000000   0.020000   -0.016229   0.020000   -0.016866   0.020000   0.000000   0.020000   -0.016229   0.020000   -0.016866   0.020000   0.000001   0.020000  -0.001317   0.020000   0.000068   0.020000   0.000001   0.020000  -0.001317   0.020000   0.000068   0.020000
335  -0.000000   0.020000   -0.016215   0.020000   -0.016902   0.020000   -0.000000   0.020000   -0.016215   0.020000   -0.016902   0.020000   0.000000   0.020000  -0.001301   0.020000   0.000035   0.020000   0.000000   0.020000  -0.001301   0.020000   0.000035   0.020000
336  -0.000000   0.020000   -0.016198   0.020000   -0.016935   0.020000   -0.000000   0.020000   -0.016198   0.020000   -0.016935   0.020000   0.000000   0.020000  -0.001281   0.020000   0.000005   0.020000   0.000000   0.020000  -0.001281   0.020000   0.000005   0.020000
337  -0.000000   0.020000   -0.016178   0.020000   -0.016965   0.020000   -0.000000   0.020000   -0.016178   0.020000   -0.016965   0.020000   -0.000000   0.020000  -0.001260   0.020000   -0.000024   0.020000   -0.000000   0.020000  -0.001260   0.020000   -0.000024   0.020000
338  0.000000   0.020000   -0.016156   0.020000   -0.016993   0.020000   0.000000   0.020000   -0.016156   0.020000   -0.016993   0.020000   0.000000   0.020000  -0.001235   0.020000   -0.000049   0.020000   0.000000   0.020000  -0.001235   0.020000   -0.000049   0.020000
339  0.000000   0.020000   -0.016130   0.020000   -0.017018   0.020000   0.000000   0.020000   -0.016130   0.020000   -0.017018   0.020000   -0.000000   0.020000  -0.001211   0.020000   -0.000071   0.020000   -0.000000   0.020000  -0.001211   0.020000   -0.000071   0.020000
340  -0.000000   0.020000   -0.016102   0.020000   -0.017040   0.020000   -0.000000   0.020000   -0.016102   0.020000   -0.017040   0.020000   0.000000   0.020000  -0.001182   0.020000   -0.000092   0.020000   0.000000   0.020000  -0.001182   0.020000   -0.000092   0.020000
341  -0.000000   0.020000   -0.016071   0.020000   -0.017060   0.020000   -0.000000   0.020000   -0.016071   0.020000   -0.017060   0.020000   0.000000   0.020000  -0.001150   0.020000   -0.000110   0.020000   0.000000   0.020000  -0.001150   0.020000   -0.000110   0.020000
342  -0.000000   0.020000   -0.016037   0.020000   -0.017078   0.020000   -0.000000   0.020000   -0.016037   0.020000   -0.017078   0.020000   0.000000   0.020000  -0.001115   0.020000   -0.000127   0.020000   0.000000   0.020000  -0.001115   0.020000   -0.000127   0.020000
343  0.000000   0.020000   -0.016000   0.020000   -0.017092   0.020000   0.000000   0.020000   -0.016000   0.020000   -0.017092   0.020000   0.000000   0.020000  -0.001078   0.020000   -0.000141   0.020000   0.000000   0.020000  -0.001078   0.020000   -0.000141   0.020000
344  -0.000000   0.020000   -0.015960   0.020000   -0.017104   0.020000   -0.000000   0.020000   -0.015960   0.020000   -0.017104   0.020000   -0.000000   0.020000  -0.001038   0.020000   -0.000153   0.020000   -0.000000   0.020000  -0.001038   0.020000   -0.000153   0.020000
345  -0.000000   0.020000   -0.015917   0.020000   -0.017113   0.020000   -0.000000   0.020000   -0.015917   0.020000   -0.017113   0.020000   -0.000000   0.020000  -0.000996   0.020000   -0.000162   0.020000   -0.000000   0.020000  -0.000996   0.020000   -0.000162   0.020000
346  -0.000000   0.020000   -0.015872   0.020000   -0.017120   0.020000   -0.000000   0.020000   -0.015872   0.020000   -0.017120   0.020000   0.000000   0.020000  -0.000952   0.020000   -0.000170   0.020000   0.000000   0.020000  -0.000952   0.020000   -0.000170   0.020000
347  0.000000   0.020000   -0.015824   0.020000   -0.017123   0.020000   0.000000   0.020000   -0.015824   0.020000   -0.017123   0.020000   -0.000000   0.020000  -0.000904   0.020000   -0.000174   0.020000   -0.000000   0.020000  -0.000904   0.020000   -0.000174   0.020000
348  0.000000   0.020000   -0.015773   0.020000   -0.017124   0.020000   0.000000   0.020000   -0.015773   0.020000   -0.017124   0.020000   0.000000   0.020000  -0.000855   0.020000   -0.000177   0.020000   0.000000   0.020000  -0.000855   0.020000   -0.000177   0.020000
349  -0.000000   0.020000   -0.015720   0.020000   -0.017123   0.020000   -0.000000   0.020000   -0.015720   0.020000   -0.017123   0.020000   0.000000   0.020000  -0.000803   0.020000   -0.000177   0.020000   0.000000   0.020000  -0.000803   0.020000   -0.000177   0.020000
350  -0.000000   0.020000   -0.015664   0.020000   -0.017119   0.020000   -0.000000   0.020000   -0.015664   0.020000   -0.017119   0.020000   -0.000000   0.020000  -0.000748   0.020000   -0.000175   0.020000   -0.000000   0.020000  -0.000748   0.020000   -0.000175   0.020000
351  -0.000000   0.020000   -0.015605   0.020000   -0.017112   0.020000   -0.000000   0.020000   -0.015605   0.020000   -0.017112   0.020000   -0.000000   0.020000  -0.000692   0.020000   -0.000171   0.020000   -0.000000   0.020000  -0.000692   0.020000   -0.000171   0.020000
352  0.000000   0.020000   -0.015544   0.020000   -0.017102   0.020000   0.000000   0.020000   -0.015544   0.020000   -0.017102   0.020000   -0.000000   0.020000  -0.000632   0.020000   -0.000164   0.020000   -0.000000   0.020000  -0.000632   0.020000   -0.000164   0.020000
353  0.000000   0.020000   -0.015480   0.020000   -0.017090   0.020000   0.000000   0.020000   -0.015480   0.020000   -0.017090   0.020000   -0.000000   0.020000  -0.000571   0.020000   -0.000155   0.020000   -0.000000   0.020000  -0.000571   0.020000   -0.000155   0.020000
354  -0.000000   0.020000   -0.015413   0.020000   -0.017075   0.020000   -0.000000   0.020000   -0.015413   0.020000   -0.017075   0.020000   0.000000   0.020000  -0.000507   0.020000   -0.000144   0.020000   0.000000   0.020000  -0.000507   0.020000   -0.000144   0.020000
355  0.000000   0.020000   -0.015344   0.020000   -0.017058   0.020000   0.000000   0.020000   -0.015344   0.020000   -0.017058   0.020000   0.000000   0.020000  -0.000441   0.020000   -0.000130   0.020000   0.000000   0.020000  -0.000441   0.020000   -0.000130   0.020000
356  0.000000   0.020000   -0.015272   0.020000   -0.017038   0.020000   0.000000   0.020000   -0.015272   0.020000   -0.017038   0.020000   -0.000000   0.020000  -0.000375   0.020000   -0.000114   0.020000   -0.000000   0.020000  -0.000375   0.020000   -0.000114   0.020000
357  -0.000000   0.020000   -0.015179   0.020000   -0.016996   0.020000   -0.000000   0.020000   -0.015179   0.020000   -0.016996   0.020000   0.000000   0.020000  -0.000304   0.020000   -0.000096   0.020000   0.000000   0.020000  -0.000304   0.020000   -0.000096   0.020000
358  -0.000000   0.020000   -0.015117   0.020000   -0.016987   0.020000   -0.000000   0.020000   -0.015117   0.020000   -0.016987   0.020000   0.000000   0.020000  -0.000231   0.020000   -0.000075   0.020000   0.000000   0.020000  -0.000231   0.020000   -0.000075   0.020000
359  -0.000000   0.020000   -0.015037   0.020000   -0.016958   0.020000   -0.000000   0.020000   -0.015037   0.020000   -0.016958   0.020000   0.000000   0.020000  -0.000156   0.020000   -0.000052   0.020000   0.000000   0.020000  -0.000156   0.020000   -0.000052   0.020000
360  -0.000000   0.020000   -0.014955   0.020000   -0.016928   0.020000   -0.000000   0.020000   -0.014955   0.020000   -0.016928   0.020000   -0.000000   0.020000  -0.000079   0.020000   -0.000027   0.020000   -0.000000   0.020000  -0.000079   0.020000   -0.000027   0.020000
