0 0 0 0 3.36138e-12 0 0
0.125 6.69766e-11 5.908e-09 0 2.52536e-11 3.48588e-09 0
0.25 7.54595e-11 6.71338e-09 0 2.72608e-11 2.81979e-09 0
0.375 9.76169e-11 7.48764e-09 0 3.17514e-11 2.49145e-09 0
0.5 1.03776e-10 8.17637e-09 0 3.58736e-11 2.39733e-09 0
0.625 1.24571e-10 8.81805e-09 0 3.80042e-11 2.39099e-09 0
0.75 1.49491e-10 8.80406e-09 0 3.84509e-11 2.25741e-09 0
0.875 1.68101e-10 8.51549e-09 0 3.63871e-11 2.26086e-09 0
1 1.98995e-10 8.14348e-09 0 3.71375e-11 2.16126e-09 0
1.125 1.94871e-10 8.50413e-09 0 3.43527e-11 2.08261e-09 0
1.25 2.17118e-10 9.5293e-09 0 3.51434e-11 2.10023e-09 0
1.375 2.38378e-10 1.16247e-08 0 3.44975e-11 2.05609e-09 0
1.5 2.6837e-10 1.46701e-08 0 3.36406e-11 2.02517e-09 0
1.625 3.05056e-10 1.86636e-08 0 3.35312e-11 1.99691e-09 0
1.75 3.20238e-10 2.35996e-08 0 3.70267e-11 1.93773e-09 0
1.875 3.07406e-10 2.9215e-08 0 3.39633e-11 1.90564e-09 0
2 3.19208e-10 3.61227e-08 0 3.70368e-11 1.89764e-09 0
2.125 3.31471e-10 4.42081e-08 0 3.01642e-11 1.84379e-09 0
2.25 3.82371e-10 5.26145e-08 0 3.49979e-11 1.8856e-09 0
2.375 3.61642e-10 6.02809e-08 0 2.97633e-11 1.88533e-09 0
2.5 3.90759e-10 6.65233e-08 0 2.90333e-11 1.8304e-09 0
2.625 3.96754e-10 7.27449e-08 0 2.72838e-11 1.77859e-09 0
2.75 3.94324e-10 7.87446e-08 0 2.52443e-11 1.79816e-09 0
2.875 4.04325e-10 8.42009e-08 0 3.05848e-11 1.76016e-09 0
3 4.05062e-10 8.74253e-08 0 2.71072e-11 1.78602e-09 0
3.125 3.94971e-10 8.94964e-08 0 2.92403e-11 1.78896e-09 0
3.25 4.24241e-10 9.02453e-08 0 2.73935e-11 1.79014e-09 0
3.375 4.00475e-10 9.32668e-08 0 2.68918e-11 1.79186e-09 0
3.5 3.77789e-10 9.66193e-08 0 2.83247e-11 1.8216e-09 0
3.625 3.79027e-10 1.00613e-07 0 2.97394e-11 1.7392e-09 0
3.75 4.03735e-10 1.018e-07 0 2.69654e-11 1.72656e-09 0
3.875 3.9151e-10 1.0065e-07 0 2.49384e-11 1.73439e-09 0
4 3.66832e-10 9.47472e-08 0 2.4399e-11 1.63813e-09 0
4.125 3.67365e-10 8.66042e-08 0 2.48182e-11 1.53164e-09 0
4.25 3.69982e-10 7.56729e-08 0 2.46232e-11 1.51709e-09 0
4.375 3.39541e-10 6.48095e-08 0 2.40858e-11 1.39186e-09 0
4.5 3.3588e-10 5.31974e-08 0 2.15995e-11 1.44355e-09 0
4.625 3.35635e-10 4.27839e-08 0 2.18287e-11 1.33563e-09 0
4.75 3.2906e-10 3.41059e-08 0 2.88772e-11 1.19865e-09 0
4.875 2.96446e-10 2.74793e-08 0 2.15937e-11 1.20409e-09 0
5 2.96548e-10 2.21475e-08 0 2.13316e-11 1.19299e-09 0
5.125 3.01995e-10 1.8376e-08 0 2.51779e-11 1.03793e-09 0
5.25 2.8226e-10 1.56911e-08 0 2.16346e-11 9.92011e-10 0
5.375 2.73464e-10 1.36159e-08 0 2.07214e-11 9.98331e-10 0
5.5 2.4313e-10 1.20266e-08 0 1.91486e-11 8.55404e-10 0
5.625 2.55456e-10 1.07337e-08 0 2.19198e-11 8.90114e-10 0
5.75 2.39205e-10 9.78533e-09 0 2.37656e-11 8.23544e-10 0
5.875 2.36645e-10 8.84669e-09 0 2.07187e-11 7.78369e-10 0
6 2.06935e-10 8.08065e-09 0 1.77575e-11 7.56332e-10 0
6.125 1.91442e-10 7.53085e-09 0 2.29568e-11 6.88929e-10 0
6.25 2.00467e-10 6.95749e-09 0 2.06431e-11 6.73895e-10 0
6.375 1.88075e-10 6.45782e-09 0 1.89424e-11 6.73612e-10 0
6.5 1.73129e-10 6.09248e-09 0 2.11488e-11 6.59485e-10 0
6.625 1.78056e-10 5.64903e-09 0 1.88466e-11 5.85774e-10 0
6.75 1.78887e-10 5.36598e-09 0 1.92263e-11 5.72243e-10 0
6.875 1.38084e-10 4.87298e-09 0 1.79426e-11 5.45122e-10 0
7 1.4228e-10 4.67274e-09 0 1.73514e-11 5.05754e-10 0
7.125 1.3703e-10 4.35109e-09 0 1.7333e-11 5.15337e-10 0
7.25 1.42545e-10 4.1319e-09 0 1.77081e-11 4.99783e-10 0
7.375 1.19418e-10 4.08411e-09 0 2.06842e-11 4.5865e-10 0
7.5 1.36402e-10 3.79915e-09 0 1.69776e-11 4.67359e-10 0
7.625 1.16171e-10 3.57383e-09 0 1.60236e-11 4.45555e-10 0
7.75 1.17955e-10 3.44188e-09 0 1.72854e-11 4.12217e-10 0
7.875 1.03696e-10 3.27147e-09 0 1.84822e-11 4.39897e-10 0
8 1.09522e-10 3.13083e-09 0 1.63437e-11 3.64926e-10 0
8.125 1.04899e-10 3.0316e-09 0 1.40579e-11 3.57422e-10 0
8.25 1.05794e-10 2.93018e-09 0 1.42761e-11 3.63384e-10 0
8.375 8.25473e-11 2.6979e-09 0 1.45901e-11 3.34934e-10 0
8.5 9.33748e-11 2.60539e-09 0 1.45755e-11 3.41236e-10 0
8.625 7.53797e-11 2.46575e-09 0 1.36545e-11 3.22004e-10 0
8.75 9.06516e-11 2.36135e-09 0 1.85269e-11 3.24394e-10 0
8.875 8.32103e-11 2.199e-09 0 1.43633e-11 2.61314e-10 0
9 7.68783e-11 2.23145e-09 0 1.47481e-11 3.13878e-10 0
9.125 8.66875e-11 2.17259e-09 0 1.6241e-11 2.66063e-10 0
9.25 8.05862e-11 2.13943e-09 0 1.49903e-11 2.59647e-10 0
9.375 7.81704e-11 2.08192e-09 0 1.63745e-11 2.69829e-10 0
9.5 6.94086e-11 2.0004e-09 0 1.53786e-11 2.80057e-10 0
9.625 6.86317e-11 1.84813e-09 0 1.55595e-11 2.66066e-10 0
9.75 6.69377e-11 1.85246e-09 0 1.66512e-11 2.4172e-10 0
9.875 7.54256e-11 1.78134e-09 0 1.30906e-11 2.23855e-10 0
10 6.72143e-11 1.75121e-09 0 1.27557e-11 2.48755e-10 0
10.125 6.15027e-11 1.82086e-09 0 1.24681e-11 2.38549e-10 0
10.25 7.11843e-11 1.65701e-09 0 1.27491e-11 1.9222e-10 0
10.375 5.9027e-11 1.54782e-09 0 1.50261e-11 2.60938e-10 0
10.5 6.3954e-11 1.49837e-09 0 1.1964e-11 2.0568e-10 0
10.625 6.26199e-11 1.53682e-09 0 1.23988e-11 1.95942e-10 0
10.75 6.37725e-11 1.52408e-09 0 1.16074e-11 1.85321e-10 0
10.875 5.68344e-11 1.53557e-09 0 1.16157e-11 2.04489e-10 0
11 5.61839e-11 1.40496e-09 0 1.22169e-11 2.02364e-10 0
11.125 6.12801e-11 1.4657e-09 0 1.13362e-11 1.79076e-10 0
11.25 5.25872e-11 1.37421e-09 0 1.14185e-11 1.94482e-10 0
11.375 5.36149e-11 1.31735e-09 0 1.17759e-11 1.7649e-10 0
11.5 4.89369e-11 1.3113e-09 0 1.22648e-11 1.7307e-10 0
11.625 4.77239e-11 1.29616e-09 0 1.36424e-11 1.37538e-10 0
11.75 5.22485e-11 1.20786e-09 0 9.63636e-12 1.82914e-10 0
11.875 4.53512e-11 1.18731e-09 0 9.70706e-12 1.42045e-10 0
12 5.22221e-11 1.20774e-09 0 1.05692e-11 1.2528e-10 0
12.125 5.05327e-11 1.21795e-09 0 1.11764e-11 1.43337e-10 0
12.25 3.92037e-11 1.10474e-09 0 1.13346e-11 1.34972e-10 0
12.375 4.86287e-11 1.11759e-09 0 1.68168e-11 1.81967e-10 0
12.5 5.72512e-11 1.0944e-09 0 8.59956e-12 1.43342e-10 0
12.625 4.76629e-11 1.1121e-09 0 1.24969e-11 1.14416e-10 0
12.75 4.50385e-11 1.06223e-09 0 9.3597e-12 1.36632e-10 0
12.875 4.71025e-11 1.07326e-09 0 8.74245e-12 1.00618e-10 0
13 4.38174e-11 9.60341e-10 0 1.24304e-11 9.92008e-11 0
13.125 3.96866e-11 1.07206e-09 0 8.67197e-12 1.42259e-10 0
13.25 4.01639e-11 9.67793e-10 0 1.06631e-11 9.72942e-11 0
13.375 4.2147e-11 1.03833e-09 0 8.69598e-12 1.31582e-10 0
13.5 4.03727e-11 1.03102e-09 0 9.1895e-12 1.1397e-10 0
13.625 3.99951e-11 9.56615e-10 0 8.60189e-12 1.135e-10 0
13.75 3.72226e-11 9.04745e-10 0 8.37209e-12 1.0563e-10 0
13.875 4.09128e-11 8.84682e-10 0 7.74426e-12 1.19924e-10 0
14 3.20675e-11 9.37351e-10 0 8.49384e-12 9.68083e-11 0
14.125 3.75202e-11 8.53789e-10 0 1.15616e-11 1.09616e-10 0
14.25 4.04676e-11 8.35915e-10 0 7.27715e-12 1.03975e-10 0
14.375 3.09559e-11 8.62464e-10 0 8.07721e-12 9.75761e-11 0
14.5 3.29037e-11 8.83293e-10 0 8.07843e-12 9.23826e-11 0
14.625 3.41335e-11 8.27651e-10 0 7.39986e-12 9.87489e-11 0
14.75 3.1154e-11 8.30403e-10 0 7.20794e-12 8.68654e-11 0
14.875 3.49016e-11 8.31453e-10 0 9.12485e-12 1.06195e-10 0
15 3.23076e-11 8.17784e-10 0 9.76263e-12 4.90305e-11 0
15.125 2.88477e-11 8.31953e-10 0 7.64899e-12 7.77325e-11 0
15.25 3.0696e-11 8.06953e-10 0 8.24239e-12 8.28275e-11 0
15.375 2.82943e-11 8.16937e-10 0 6.44669e-12 9.33143e-11 0
15.5 2.89368e-11 8.2184e-10 0 7.03169e-12 7.69823e-11 0
15.625 2.61011e-11 8.03195e-10 0 6.38264e-12 8.00269e-11 0
15.75 3.57846e-11 7.48557e-10 0 7.59055e-12 7.06587e-11 0
15.875 2.92096e-11 7.38478e-10 0 4.86668e-12 8.09248e-11 0
16 2.17152e-11 8.14751e-10 0 6.24643e-12 5.97075e-11 0
16.125 2.11991e-11 7.40704e-10 0 5.87678e-12 5.40588e-11 0
16.25 2.83282e-11 7.35893e-10 0 6.80883e-12 8.98648e-11 0
16.375 2.54481e-11 6.95641e-10 0 6.52861e-12 1.12226e-10 0
16.5 3.49848e-11 6.9002e-10 0 7.26976e-12 4.03927e-11 0
16.625 2.12939e-11 6.9912e-10 0 3.91924e-12 7.55551e-11 0
16.75 1.90564e-11 6.87235e-10 0 8.76996e-12 7.3204e-11 0
16.875 2.02616e-11 6.53101e-10 0 5.03017e-12 7.18534e-11 0
17 2.12955e-11 6.74469e-10 0 5.73999e-12 7.4787e-11 0
17.125 2.47587e-11 7.24662e-10 0 6.96002e-12 6.75705e-11 0
17.25 2.80176e-11 6.42245e-10 0 5.74935e-12 6.1783e-11 0
17.375 2.22048e-11 6.35578e-10 0 5.61492e-12 4.90157e-11 0
17.5 1.77639e-11 6.34109e-10 0 5.5147e-12 5.77496e-11 0
17.625 1.75711e-11 6.67731e-10 0 3.62619e-12 4.71083e-11 0
17.75 2.45308e-11 6.49826e-10 0 7.78436e-12 5.42993e-11 0
17.875 2.06844e-11 5.95674e-10 0 3.87822e-12 4.16474e-11 0
18 2.13509e-11 6.12877e-10 0 3.06822e-12 4.89226e-11 0
18.125 1.67986e-11 6.06702e-10 0 3.35231e-12 5.85176e-11 0
18.25 1.84211e-11 6.47123e-10 0 5.95358e-12 7.33108e-11 0
18.375 1.82927e-11 5.60447e-10 0 5.36256e-12 2.87797e-11 0
18.5 1.48163e-11 5.7789e-10 0 4.88112e-12 6.15594e-11 0
18.625 1.71193e-11 5.65026e-10 0 5.41484e-12 5.69904e-11 0
18.75 1.30919e-11 5.72025e-10 0 3.09767e-12 5.16398e-11 0
18.875 1.63159e-11 5.92771e-10 0 3.88343e-12 3.33235e-11 0
19 1.3996e-11 5.05185e-10 0 3.48348e-12 7.22294e-11 0
19.125 1.4542e-11 5.94838e-10 0 4.50084e-12 5.52208e-11 0
19.25 1.33266e-11 5.29797e-10 0 3.94236e-12 5.18577e-11 0
19.375 1.33066e-11 4.96065e-10 0 3.95725e-12 3.49398e-11 0
19.5 1.32512e-11 4.84223e-10 0 2.85804e-12 3.27195e-11 0
19.625 1.60682e-11 4.80841e-10 0 4.43567e-12 3.33638e-11 0
19.75 1.22542e-11 4.79264e-10 0 3.40089e-12 2.74482e-11 0
19.875 1.41908e-11 4.66458e-10 0 3.80082e-12 2.44007e-11 0
20 1.46713e-11 5.1428e-10 0 4.96661e-12 2.15358e-11 0
20.125 1.08276e-11 4.7449e-10 0 3.74567e-12 3.57572e-11 0
20.25 1.27318e-11 4.66172e-10 0 3.71823e-12 3.54694e-11 0
20.375 1.47665e-11 4.42744e-10 0 3.51097e-12 4.30573e-11 0
20.5 1.20763e-11 4.60985e-10 0 2.54781e-12 3.54263e-11 0
20.625 1.81656e-11 4.34864e-10 0 2.42659e-12 2.86028e-11 0
20.75 9.62657e-12 4.20957e-10 0 3.32843e-12 4.95985e-11 0
20.875 1.309e-11 4.06677e-10 0 2.19356e-12 3.49382e-11 0
21 1.54409e-11 4.29084e-10 0 3.21878e-12 4.12788e-11 0
21.125 1.06483e-11 3.74372e-10 0 2.73328e-12 4.45927e-11 0
21.25 1.07535e-11 3.93771e-10 0 4.39717e-12 3.58395e-11 0
21.375 9.56509e-12 3.96851e-10 0 2.85658e-12 5.19073e-11 0
21.5 8.26737e-12 3.91617e-10 0 4.21225e-12 1.75321e-11 0
21.625 1.13057e-11 3.70657e-10 0 4.50647e-12 2.43175e-11 0
21.75 1.12195e-11 3.86238e-10 0 2.96025e-12 1.65679e-11 0
21.875 1.07722e-11 3.81812e-10 0 2.3078e-12 4.45423e-11 0
22 1.4382e-11 3.66642e-10 0 2.79839e-12 1.89244e-11 0
22.125 9.97032e-12 3.38788e-10 0 2.40128e-12 2.72692e-11 0
22.25 8.88485e-12 3.64572e-10 0 2.50871e-12 2.48438e-11 0
22.375 7.17149e-12 3.65926e-10 0 3.138e-12 4.80972e-11 0
22.5 8.54581e-12 3.14076e-10 0 3.65284e-12 2.74019e-11 0
22.625 8.18343e-12 3.36779e-10 0 3.59465e-12 3.6093e-11 0
22.75 1.1687e-11 3.19316e-10 0 2.36011e-12 3.33287e-11 0
22.875 7.01981e-12 3.22858e-10 0 1.75567e-12 2.20809e-11 0
23 8.02452e-12 2.78456e-10 0 5.75248e-13 3.73526e-11 0
23.125 8.94447e-12 2.93496e-10 0 4.29421e-12 2.42723e-11 0
23.25 6.14208e-12 2.70301e-10 0 2.04357e-12 2.52636e-11 0
23.375 4.82128e-12 2.62735e-10 0 4.27637e-12 3.60877e-11 0
23.5 7.80673e-12 3.20146e-10 0 2.91966e-12 2.57704e-11 0
23.625 8.07793e-12 2.5775e-10 0 1.85911e-12 3.54761e-11 0
23.75 7.7981e-12 2.79612e-10 0 2.9035e-12 1.61285e-11 0
23.875 6.49806e-12 2.71286e-10 0 5.56003e-13 1.25632e-11 0
24 8.44806e-12 2.74789e-10 0 9.88836e-13 4.61761e-11 0
24.125 4.60042e-12 2.3025e-10 0 1.10374e-12 2.67768e-11 0
24.25 7.79541e-12 2.60493e-10 0 3.72119e-12 1.54392e-11 0
24.375 7.25464e-12 2.4815e-10 0 4.31282e-12 2.5169e-11 0
24.5 6.24002e-12 2.61701e-10 0 2.24876e-12 1.5665e-11 0
24.625 9.00451e-12 2.46219e-10 0 2.02574e-12 1.37385e-11 0
24.75 5.65904e-12 2.19477e-10 0 9.66361e-13 1.60825e-11 0
24.875 4.41643e-12 2.21159e-10 0 2.52752e-12 1.52265e-11 0
25 5.80943e-12 2.20256e-10 0 1.05908e-12 2.69892e-11 0
25.125 8.46777e-12 2.2811e-10 0 2.98169e-13 2.35143e-11 0
25.25 5.31602e-12 2.24583e-10 0 1.10159e-12 1.70949e-11 0
25.375 6.43922e-12 2.19953e-10 0 1.03753e-12 1.16256e-11 0
25.5 3.12327e-12 1.97452e-10 0 1.52628e-12 1.23497e-11 0
25.625 7.04471e-12 2.19447e-10 0 2.45828e-12 1.21049e-11 0
25.75 5.2728e-12 2.00368e-10 0 4.09231e-13 1.2972e-11 0
25.875 3.376e-12 2.2843e-10 0 2.79354e-12 1.44906e-11 0
26 3.86048e-12 2.04684e-10 0 2.2114e-12 2.50136e-11 0
26.125 4.9934e-12 2.1716e-10 0 2.2124e-12 2.05071e-11 0
26.25 4.49815e-12 1.92048e-10 0 1.61872e-12 1.59019e-11 0
26.375 5.0217e-12 2.19669e-10 0 2.96333e-12 1.08129e-11 0
26.5 3.55645e-12 1.8677e-10 0 5.45843e-13 1.28664e-11 0
26.625 7.86101e-12 1.99233e-10 0 1.491e-12 1.0966e-11 0
26.75 4.10395e-12 2.06192e-10 0 6.66833e-13 1.11614e-11 0
26.875 4.73693e-12 1.68948e-10 0 1.71556e-12 2.26724e-11 0
27 5.39328e-12 1.93963e-10 0 2.27683e-12 1.57382e-11 0
27.125 2.00871e-12 1.72401e-10 0 1.78165e-12 1.13357e-11 0
27.25 4.75653e-12 1.73404e-10 0 2.42639e-12 1.00429e-11 0
27.375 2.25092e-12 1.87407e-10 0 1.5496e-12 1.01261e-11 0
27.5 2.41132e-12 1.63915e-10 0 1.11402e-12 1.02395e-11 0
27.625 1.62707e-12 1.85193e-10 0 1.64843e-12 1.07783e-11 0
27.75 5.61968e-12 1.52049e-10 0 7.68172e-13 1.21414e-11 0
27.875 3.22832e-12 1.50945e-10 0 5.68658e-13 1.03188e-11 0
28 1.84436e-12 1.61743e-10 0 1.63736e-12 1.14356e-11 0
28.125 5.42952e-12 1.62938e-10 0 2.72553e-13 8.57503e-12 0
28.25 3.47718e-12 1.44879e-10 0 9.04393e-13 1.04906e-11 0
28.375 2.35447e-12 1.40744e-10 0 1.04678e-12 1.02355e-11 0
28.5 2.79545e-12 1.45741e-10 0 7.38584e-13 1.23229e-11 0
28.625 3.02889e-12 1.46184e-10 0 0 1.13128e-11 0
28.75 3.85035e-12 1.35239e-10 0 1.15474e-12 7.8501e-12 0
28.875 5.35583e-12 1.45322e-10 0 0 1.06642e-11 0
29 6.35057e-12 1.34671e-10 0 1.66608e-12 1.14175e-11 0
29.125 4.57487e-12 1.38247e-10 0 5.24488e-13 2.29103e-11 0
29.25 4.60415e-12 1.38413e-10 0 8.36415e-13 1.03377e-11 0
29.375 3.43329e-12 1.46658e-10 0 1.94522e-12 7.36177e-12 0
29.5 3.40523e-13 1.4714e-10 0 1.37951e-12 9.25939e-12 0
29.625 1.50969e-12 1.18116e-10 0 1.09282e-12 9.34264e-12 0
29.75 3.68426e-12 1.42619e-10 0 1.04214e-12 8.6561e-12 0
29.875 3.47529e-12 1.18455e-10 0 9.28761e-13 8.47139e-12 0
30 3.51639e-12 1.29086e-10 0 6.30594e-13 8.73349e-12 0
30.125 1.70678e-12 1.09182e-10 0 7.5876e-13 7.04543e-12 0
30.25 2.51552e-12 1.19801e-10 0 7.60922e-13 8.41123e-12 0
30.375 4.94489e-12 1.15676e-10 0 9.50877e-13 8.68879e-12 0
30.5 1.61534e-12 1.09958e-10 0 4.18586e-13 2.31276e-11 0
30.625 3.22236e-12 1.15431e-10 0 2.08852e-12 8.63297e-12 0
30.75 2.56263e-12 1.14927e-10 0 0 9.18913e-12 0
30.875 1.80192e-12 1.15757e-10 0 1.24678e-12 7.12367e-12 0
31 1.80673e-12 1.09563e-10 0 1.42588e-12 6.91084e-12 0
31.125 3.17506e-12 9.92447e-11 0 3.62136e-13 7.52407e-12 0
31.25 2.32669e-12 1.05389e-10 0 4.50012e-13 9.18873e-12 0
31.375 1.89447e-12 1.11288e-10 0 0 4.81875e-12 0
31.5 3.51593e-12 1.06155e-10 0 7.55718e-13 6.93542e-12 0
31.625 4.58957e-12 1.07316e-10 0 2.61757e-12 4.88716e-12 0
31.75 2.12659e-12 1.00355e-10 0 8.149e-13 7.48898e-12 0
31.875 1.56801e-12 9.63513e-11 0 1.10061e-12 7.59733e-12 0
32 2.73294e-12 9.62675e-11 0 1.08224e-12 3.52875e-12 0
32.125 1.93641e-12 9.01355e-11 0 4.50509e-13 6.53374e-12 0
32.25 2.36551e-12 9.63055e-11 0 4.42634e-13 7.18514e-12 0
32.375 2.21032e-12 9.37378e-11 0 6.12274e-13 6.37326e-12 0
32.5 4.30475e-13 9.35349e-11 0 0 5.76242e-12 0
32.625 2.96036e-12 9.09134e-11 0 0 9.79094e-12 0
32.75 1.74177e-12 8.18081e-11 0 9.80342e-13 7.19847e-12 0
32.875 1.74441e-12 9.35984e-11 0 1.97624e-12 6.21401e-12 0
33 4.42138e-12 1.00189e-10 0 0 5.95094e-12 0
33.125 1.10981e-12 9.04519e-11 0 0 6.94461e-12 0
33.25 2.27948e-12 9.25347e-11 0 8.48478e-13 5.08177e-12 0
33.375 1.71045e-12 8.75968e-11 0 4.58726e-13 8.2865e-12 0
33.5 1.25764e-12 8.77788e-11 0 0 4.83577e-12 0
33.625 2.07101e-12 8.40554e-11 0 4.44441e-13 7.01493e-12 0
33.75 1.80833e-12 7.80013e-11 0 4.79596e-13 2.60911e-11 0
33.875 1.59315e-12 8.30783e-11 0 1.0129e-12 4.29052e-12 0
34 1.191e-12 9.03215e-11 0 0 6.31889e-12 0
34.125 4.46796e-12 7.92868e-11 0 2.27437e-12 3.68436e-12 0
34.25 2.62565e-12 8.71483e-11 0 0 7.42034e-12 0
34.375 2.48551e-12 7.69636e-11 0 0 5.77525e-12 0
34.5 1.44678e-12 8.03067e-11 0 0 2.45135e-11 0
34.625 2.76667e-12 7.01595e-11 0 0 3.10136e-12 0
34.75 2.1386e-12 7.36581e-11 0 0 2.42901e-12 0
34.875 4.84067e-13 6.95836e-11 0 4.21624e-13 5.24548e-12 0
35 0 7.54817e-11 0 0 3.16372e-12 0
35.125 1.79966e-12 6.80899e-11 0 4.13953e-13 5.32236e-12 0
35.25 1.63491e-12 7.43445e-11 0 1.52885e-12 3.2159e-12 0
35.375 2.61585e-12 7.55378e-11 0 0 7.18549e-12 0
35.5 1.67942e-12 7.39053e-11 0 0 2.1742e-12 0
35.625 0 6.0542e-11 0 5.61923e-13 5.40632e-12 0
35.75 4.76797e-13 7.1627e-11 0 0 2.20297e-12 0
35.875 1.26129e-12 6.76905e-11 0 0 2.58814e-12 0
36 0 6.46789e-11 0 5.54307e-13 2.23429e-12 0
36.125 1.27733e-12 6.993e-11 0 0 2.25265e-12 0
36.25 6.63685e-13 5.62616e-11 0 0 3.02041e-12 0
36.375 1.71496e-12 6.30467e-11 0 0 4.56372e-12 0
36.5 1.97967e-12 6.58722e-11 0 0 3.0623e-12 0
36.625 0 5.58957e-11 0 0 3.85512e-12 0
36.75 5.54694e-13 7.10298e-11 0 0 2.71454e-12 0
36.875 1.04517e-12 6.6425e-11 0 7.71868e-13 4.30142e-12 0
37 8.80479e-13 5.54803e-11 0 8.51629e-13 4.71972e-12 0
37.125 6.44538e-13 5.70322e-11 0 6.20051e-13 4.3575e-12 0
37.25 6.00782e-13 5.54109e-11 0 0 6.77871e-12 0
37.375 0 5.45996e-11 0 0 4.41648e-12 0
37.5 0 5.53645e-11 0 0 4.44566e-12 0
37.625 4.71622e-13 6.26345e-11 0 0 4.48078e-12 0
37.75 1.11831e-12 5.80933e-11 0 0 2.45941e-12 0
37.875 5.46109e-13 8.46555e-11 0 0 3.71001e-12 0
38 1.98237e-12 6.05871e-11 0 1.34002e-12 3.73251e-12 0
38.125 1.42305e-12 5.68045e-11 0 0 3.067e-12 0
38.25 1.05393e-12 5.71721e-11 0 0 2.52265e-12 0
38.375 1.41472e-12 5.41903e-11 0 0 2.11919e-12 0
38.5 1.31859e-12 4.81067e-11 0 0 2.13223e-12 0
38.625 0 5.01413e-11 0 0 3.85779e-12 0
38.75 9.39508e-13 5.01584e-11 0 1.36522e-12 4.747e-12 0
38.875 0 4.85075e-11 0 0 2.16783e-12 0
39 0 4.36983e-11 0 0 3.06009e-12 0
39.125 8.45031e-13 4.22205e-11 0 0 1.7594e-12 0
39.25 0 5.09093e-11 0 6.28898e-13 3.98084e-12 0
39.375 5.54854e-13 3.87573e-11 0 0 2.2295e-12 0
39.5 0 3.76663e-11 0 5.59952e-13 4.47408e-13 0
39.625 8.50262e-13 5.00808e-11 0 0 1.353e-12 0
39.75 6.14586e-13 4.35672e-11 0 0 1.81378e-12 0
39.875 1.13327e-12 4.66074e-11 0 5.88451e-13 9.11853e-13 0
40 0 4.36498e-11 0 0 4.59823e-12 0
40.125 5.22011e-13 4.31487e-11 0 7.30497e-13 3.69838e-12 0
40.25 0 3.86356e-11 0 0 1.39366e-12 0
40.375 0 4.54254e-11 0 0 2.81047e-12 0
40.5 0 4.24459e-11 0 1.24588e-12 4.23714e-12 0
40.625 1.18223e-12 4.78819e-11 0 0 3.79193e-12 0
40.75 4.33387e-13 4.34142e-11 0 7.49923e-13 1.42951e-12 0
40.875 7.78062e-13 4.20607e-11 0 9.35091e-13 9.61182e-13 0
41 0 4.58743e-11 0 0 9.65442e-13 0
41.125 0 4.03225e-11 0 0 2.91677e-12 0
41.25 8.50536e-13 4.547e-11 0 0 4.8867e-13 0
41.375 7.02942e-13 3.83576e-11 0 0 9.83558e-13 0
41.5 1.00557e-12 3.46283e-11 0 0 3.46741e-12 0
41.625 5.6681e-13 3.45354e-11 0 0 1.49404e-12 0
41.75 0 3.80599e-11 0 0 0 0
41.875 0 3.77694e-11 0 0 2.01429e-12 0
42 6.32567e-13 3.34509e-11 0 0 1.01601e-12 0
42.125 0 3.00813e-11 0 0 1.01713e-12 0
42.25 0 3.2308e-11 0 0 1.5373e-12 0
42.375 0 3.50768e-11 0 0 2.06133e-12 0
42.5 0 3.11394e-11 0 7.50988e-13 2.99727e-12 0
42.625 2.3077e-12 3.7569e-11 0 0 2.60778e-12 0
42.75 0 4.09495e-11 0 8.55777e-13 1.05105e-12 0
42.875 6.30213e-13 3.53784e-11 0 0 1.58172e-12 0
43 0 3.66456e-11 0 0 2.65555e-12 0
43.125 0 2.93806e-11 0 0 5.33445e-13 0
43.25 8.84637e-13 3.00855e-11 0 0 1.07378e-12 0
43.375 0 2.8101e-11 0 0 1.07886e-12 0
43.5 8.83927e-13 3.0144e-11 0 0 2.1758e-12 0
43.625 1.38504e-12 2.84234e-11 0 0 2.18536e-12 0
43.75 9.15635e-13 3.79292e-11 0 0 1.09958e-12 0
43.875 0 2.65326e-11 0 0 5.53407e-13 0
44 0 3.00363e-11 0 0 1.11203e-12 0
44.125 9.79204e-13 3.01951e-11 0 0 1.67602e-12 0
44.25 0 2.98275e-11 0 7.3107e-13 1.68888e-12 0
44.375 2.11403e-12 2.94154e-11 0 0 1.13103e-12 0
44.5 0 2.55828e-11 0 0 0 0
44.625 0 3.43153e-11 0 0 5.70965e-13 0
44.75 0 3.16365e-11 0 0 1.14914e-12 0
44.875 0 2.14058e-11 0 0 1.73562e-12 0
45 0 2.67492e-11 0 0 1.16466e-12 0
45.125 0 2.33942e-11 0 0 1.1715e-12 0
45.25 0 2.46937e-11 0 0 2.34873e-12 0
45.375 0 2.2469e-11 0 0 2.36694e-12 0
45.5 0 2.19858e-11 0 0 5.9516e-13 0
45.625 0 2.03328e-11 0 0 5.96492e-13 0
45.75 0 2.64498e-11 0 1.88093e-12 3.0064e-12 0
45.875 0 3.14359e-11 0 0 1.20727e-12 0
46 0 1.94457e-11 0 9.25361e-13 1.21402e-12 0
46.125 0 1.71146e-11 0 0 0 0
46.25 1.18545e-12 1.65802e-11 0 0 1.84349e-12 0
46.375 0 2.16153e-11 0 0 1.23679e-12 0
46.5 2.10381e-12 2.42161e-11 0 0 0 0
46.625 0 2.43569e-11 0 0 2.50047e-12 0
46.75 0 2.13419e-11 0 7.16165e-13 6.26639e-13 0
46.875 0 2.33414e-11 0 7.8712e-13 0 0
47 0 1.71296e-11 0 0 6.355e-13 0
47.125 0 2.42386e-11 0 0 6.3611e-13 0
47.25 0 2.43579e-11 0 0 6.42072e-13 0
47.375 0 1.93326e-11 0 8.99314e-13 1.29126e-12 0
47.5 0 1.74926e-11 0 0 6.47308e-13 0
47.625 0 1.95393e-11 0 0 6.51068e-13 0
47.75 1.01237e-12 2.22578e-11 0 0 6.55392e-13 0
47.875 1.05389e-12 1.90864e-11 0 0 0 0
48 0 1.91896e-11 0 0 1.32403e-12 0
48.125 0 1.79631e-11 0 0 1.99558e-12 0
48.25 0 1.60474e-11 0 0 2.0046e-12 0
48.375 0 2.48646e-11 0 0 6.72302e-13 0
48.5 0 1.48624e-11 0 0 6.74544e-13 0
48.625 9.17471e-13 1.56206e-11 0 0 0 0
48.75 0 1.91111e-11 0 0 6.80809e-13 0
48.875 0 1.78354e-11 0 0 1.37176e-12 0
49 0 2.20701e-11 0 0 1.37944e-12 0
49.125 0 1.87106e-11 0 0 0 0
49.25 9.85756e-13 2.01949e-11 0 0 1.39394e-12 0
49.375 0 1.1896e-11 0 0 6.98788e-13 0
49.5 0 1.33679e-11 0 0 7.01982e-13 0
49.625 0 1.98053e-11 0 0 0 0
49.75 1.39555e-12 2.06113e-11 0 0 0 0
49.875 0 1.21348e-11 0 0 0 0
50 0 1.00464e-11 0 0 0 0
50.125 0 1.80361e-11 0 0 7.22026e-13 0
50.25 0 1.81268e-11 0 0 7.25556e-13 0
50.375 0 1.74844e-11 0 0 0 0
50.5 0 1.68399e-11 0 0 7.31634e-13 0
50.625 0 1.1778e-11 0 0 7.36473e-13 0
50.75 0 1.77476e-11 0 0 7.4018e-13 0
50.875 0 1.41286e-11 0 0 0 0
51 0 1.04625e-11 0 0 7.45415e-13 0
51.125 0 2.02579e-11 0 0 7.49153e-13 0
51.25 0 1.35704e-11 0 0 0 0
51.375 1.52074e-12 1.2878e-11 0 0 0 0
51.5 0 9.89803e-12 0 0 7.60551e-13 0
51.625 0 1.45426e-11 0 0 0 0
51.75 0 1.07611e-11 0 0 0 0
51.875 0 1.15887e-11 0 0 7.70762e-13 0
52 0 1.16427e-11 0 0 0 0
52.125 0 1.09282e-11 0 0 0 0
52.25 0 1.01901e-11 0 0 7.81973e-13 0
52.375 0 8.66533e-12 0 0 0 0
52.5 1.44188e-12 9.49145e-12 0 0 7.90303e-13 0
52.625 0 8.73789e-12 0 0 0 0
52.75 0 1.19842e-11 0 0 0 0
52.875 0 1.52584e-11 0 0 0 0
53 0 1.20897e-11 0 0 0 0
53.125 0 1.13398e-11 0 0 0 0
53.25 0 1.38455e-11 0 0 8.14746e-13 0
53.375 0 8.17722e-12 0 0 8.17622e-13 0
53.5 0 1.15125e-11 0 0 8.20193e-13 0
53.625 0 9.07741e-12 0 0 8.27902e-13 0
53.75 0 1.07844e-11 0 0 0 0
53.875 0 4.99993e-12 0 0 8.33892e-13 0
54 0 1.00416e-11 0 0 1.67601e-12 0
54.125 0 8.40766e-12 0 0 0 0
54.25 0 9.29187e-12 0 0 0 0
54.375 0 6.79073e-12 0 0 8.47079e-13 0
54.5 0 6.82339e-12 0 0 0 0
54.625 0 6.852e-12 0 0 0 0
54.75 0 1.03256e-11 0 0 0 0
54.875 0 7.77486e-12 0 0 0 0
55 1.69396e-12 9.55381e-12 0 0 8.68347e-13 0
55.125 0 6.97258e-12 0 0 0 0
55.25 0 5.26008e-12 0 0 0 0
55.375 0 6.15639e-12 0 0 0 0
55.5 0 3.53936e-12 0 0 0 0
55.625 0 8.87903e-12 0 0 8.87412e-13 0
55.75 0 7.135e-12 0 0 1.78703e-12 0
55.875 0 7.17368e-12 0 1.25221e-12 8.96772e-13 0
56 0 8.10101e-12 0 0 0 0
56.125 0 6.32481e-12 0 0 1.80672e-12 0
56.25 0 9.08048e-12 0 0 0 0
56.375 0 6.38738e-12 0 0 9.12696e-13 0
56.5 0 1.82923e-12 0 0 0 0
56.625 0 3.68107e-12 0 0 0 0
56.75 0 7.39046e-12 0 0 9.24226e-13 0
56.875 1.03308e-12 9.28777e-12 0 0 9.28848e-13 0
57 0 6.5312e-12 0 0 0 0
57.125 0 6.55715e-12 0 0 0 0
57.25 0 7.52745e-12 0 0 0 0
57.375 0 5.6741e-12 0 0 9.45482e-13 0
57.5 0 6.64502e-12 0 0 0 0
57.625 0 7.61975e-12 0 0 9.52798e-13 0
57.75 0 3.82879e-12 0 0 1.91611e-12 0
57.875 0 7.69044e-12 0 0 9.59813e-13 0
58 0 1.26833e-11 0 0 0 0
58.125 0 4.84827e-12 0 0 0 0
58.25 0 7.79066e-12 0 0 0 0
58.375 0 9.7636e-13 0 0 0 0
58.5 0 8.84241e-12 0 0 0 0
58.625 0 2.9592e-12 0 1.61358e-12 0 0
58.75 0 7.92081e-12 0 0 0 0
58.875 0 5.96858e-12 0 0 0 0
59 0 5.99452e-12 0 0 0 0
59.125 0 2.00624e-12 0 0 1.00316e-12 0
59.25 0 4.02775e-12 0 0 0 0
59.375 0 7.08331e-12 0 0 0 0
59.5 0 4.06156e-12 0 0 0 0
59.625 0 8.15877e-12 0 0 1.01916e-12 0
59.75 0 8.19013e-12 0 0 0 0
59.875 0 2.05793e-12 0 0 0 0
60 0 4.13287e-12 0 0 0 0
60.125 0 2.07422e-12 0 0 0 0
60.25 0 3.12533e-12 0 0 0 0
60.375 0 7.32855e-12 0 0 0 0
60.5 0 8.41157e-12 0 0 0 0
60.625 0 3.16298e-12 0 0 0 0
60.75 1.81331e-12 2.11791e-12 0 0 1.05723e-12 0
60.875 0 4.25438e-12 0 0 0 0
61 0 7.47667e-12 0 0 0 0
61.125 0 4.29022e-12 0 0 0 0
61.25 0 4.30267e-12 0 0 0 0
61.375 0 4.32264e-12 0 0 0 0
61.5 0 4.34374e-12 0 0 1.08553e-12 0
61.625 0 2.17754e-12 0 0 0 0
61.75 0 4.37611e-12 0 0 0 0
61.875 0 6.59492e-12 0 0 0 0
62 0 3.30941e-12 0 0 0 0
62.125 0 4.4321e-12 0 0 0 0
62.25 0 5.56023e-12 0 0 1.11145e-12 0
62.375 0 4.46339e-12 0 0 0 0
62.5 0 3.36138e-12 0 0 0 0
